     .0000000    .0000000    .0000000    .0000000    .0000000    .0000000    .0000000    .0000000    .0000000
     .0250000    .0000000    .0000000    .0000000    .0000000    .0000000    .0000000    .0000000    .0000000
     .0550000    .0000000    .0000000    .0000000    .0000000    .0000000    .0000000    .0000000    .0000000
     .1120000    .0000000    .0000000    .0000000    .0000000    .0000000    .0000000    .0000000    .0000000
     .1880000    .0000000    .0000000    .0000000    .0000000    .0000000    .0000000    .0000000    .0000000
     .2840000    .0000000    .0000000    .0000000    .0000000    .0000000    .0000000    .0000000    .0000000
     .4020000    .0000000    .0000000    .0000000    .0000000    .0000000    .0000000    .0000000    .0000000
     .5320000    .0000000    .0000000    .0000000    .0000000    .0000000    .0000000    .0000000    .0000000
     .6860000    .0000000    .0000000    .0000000    .0000000    .0000000    .0000000    .0000000    .0000000
     .8670000    .0000000    .0000000    .0000000    .0000000    .0000000    .0000000    .0000000    .0000000
    1.0720000    .0000000    .0000000    .0000000    .0000000    .0000000    .0000000    .0000000    .0000000
    1.3050000    .0630000    .0000000    .0000000    .0000000    .0000000    .0000000    .0000000    .0000000
    1.5600000    .0870000    .0000000    .0000000    .0000000    .0000000    .0000000    .0000000    .0000000
    1.8390000    .1130000    .0000000    .0000000    .0000000    .0000000    .0000000    .0000000    .0000000
    2.1490000    .1530000    .0000000    .0000000    .0000000    .0000000    .0000000    .0000000    .0000000
    2.4720000    .1930000    .0000000    .0000000    .0000000    .0000000    .0000000    .0000000    .0000000
    2.8220000    .2380000    .0000000    .0000000    .0000000    .0000000    .0000000    .0000000    .0000000
    3.2020000    .2870000    .0000000    .0000000    .0000000    .0000000    .0000000    .0000000    .0000000
    3.6070000    .3410000    .0000000    .0000000    .0000000    .0000000    .0000000    .0000000    .0000000
    4.0380000    .4000000    .0000000    .0000000    .0000000    .0000000    .0000000    .0000000    .0000000
    4.4930000    .4630000    .0000000    .0000000    .0000000    .0000000    .0000000    .0000000    .0000000
    4.9650000    .5310000    .0000000    .0000000    .0000000    .0000000    .0000000    .0000000    .0000000
    5.4650000    .6040000    .0000000    .0000000    .0000000    .0000000    .0000000    .0000000    .0000000
    5.9890000    .6820000    .0000000    .0000000    .0000000    .0000000    .0000000    .0000000    .0000000
    6.5400000    .7540000    .0000000    .0000000    .0000000    .0000000    .0000000    .0000000    .0000000
    7.1120000    .8420000    .0000000    .0000000    .0000000    .0000000    .0000000    .0000000    .0000000
    7.7090000    .9290000    .0000000    .0000000    .0000000    .0000000    .0000000    .0000000    .0000000
    8.3330000   1.0120000    .8720000    .0000000    .0000000    .0000000    .0000000    .0000000    .0000000
    8.9790000   1.1000000    .9520000    .9320000    .0000000    .0000000    .0000000    .0000000    .0000000
    9.6590000   1.1960000   1.0440000   1.0210000    .0000000    .0000000    .0000000    .0000000    .0000000
   10.3670000   1.3020000   1.1420000   1.1150000    .0000000    .0000000    .0000000    .0000000    .0000000
   11.1040000   1.4140000   1.2490000   1.2180000    .0000000    .0000000    .0000000    .0000000    .0000000
   11.8680000   1.5300000   1.3600000   1.3250000    .0000000    .0000000    .0000000    .0000000    .0000000
   12.6580000   1.6530000   1.4770000   1.4360000    .0000000    .0000000    .0000000    .0000000    .0000000
   13.4740000   1.7820000   1.5960000   1.5500000    .0000000    .0000000    .0000000    .0000000    .0000000
   14.3220000   1.9200000   1.7260000   1.6750000    .0000000    .0000000    .0000000    .0000000    .0000000
   15.2000000   2.0650000   1.8630000   1.8050000    .0000000    .0000000    .0000000    .0000000    .0000000
   16.1050000   2.2160000   2.0070000   1.9400000    .0000000    .0000000    .0000000    .0000000    .0000000
   17.0800000   2.3730000   2.1560000   2.0800000    .0000000    .0000000    .0000000    .0000000    .0000000
   17.9980000   2.5320000   2.3070000   2.2230000    .0000000    .0000000    .0000000    .0000000    .0000000
   18.9860000   2.6980000   2.4650000   2.3710000    .0000000    .0000000    .0000000    .0000000    .0000000
   19.9990000   2.8660000   2.6250000   2.5200000    .0000000    .0000000    .0000000    .0000000    .0000000
   21.0450000   3.0430000   2.7930000   2.6770000    .0000000    .0000000    .0000000    .0000000    .0000000
   22.1170000   3.2240000   2.9670000   2.8380000    .0000000    .0000000    .0000000    .0000000    .0000000
   23.2200000   3.4120000   3.1460000   3.0030000    .0000000    .0000000    .0000000    .0000000    .0000000
   24.3500000   3.6050000   3.3300000   3.1730000    .0000000    .0000000    .0000000    .0000000    .0000000
   25.5140000   3.8060000   3.5240000   3.3510000    .0000000    .0000000    .0000000    .0000000    .0000000
   26.7110000   4.0180000   3.7270000   3.5370000    .0000000    .0000000    .0000000    .0000000    .0000000
   27.9400000   4.2380000   3.9380000   3.7300000    .0000000    .0000000    .0000000    .0000000    .0000000
   29.2000000   4.4650000   4.1560000   3.9290000    .0000000    .0000000    .0000000    .0000000    .0000000
   30.4910000   4.6980000   4.3810000   4.1320000    .0000000    .0000000    .0000000    .0000000    .0000000
   31.8130000   4.9390000   4.6120000   4.3410000   1.0060000    .0000000    .0000000    .0000000    .0000000
   33.1690000   5.1880000   4.8520000   4.5570000   1.0720000    .0000000    .0000000    .0000000    .0000000
   34.5820000   5.4520000   5.1000000   4.7810000   1.1430000    .0000000    .0000000    .0000000    .0000000
   35.9850000   5.7130000   5.3590000   5.0120000   1.2180000   1.0710000   1.0020000    .0000000    .0000000
   37.4410000   5.9870000   5.6240000   5.2470000   1.2930000   1.1310000   1.0610000    .0000000    .0000000
   38.9250000   6.2670000   5.8910000   5.4830000   1.3630000   1.2050000   1.1250000    .0000000    .0000000
   40.4440000   6.5490000   6.1650000   5.7240000   1.4340000   1.2760000   1.1860000    .0000000    .0000000
   41.9910000   6.8350000   6.4410000   5.9650000   1.5080000   1.3370000   1.2370000    .0000000    .0000000
   43.5690000   7.1260000   6.7220000   6.2080000   1.5750000   1.4040000   1.2940000   1.0040000    .0000000
   45.1840000   7.4280000   7.0130000   6.4600000   1.6510000   1.4720000   1.3570000   1.0560000   1.0300000
   46.8350000   7.7370000   7.3120000   6.7170000   1.7290000   1.5420000   1.4210000   1.1080000   1.0820000
   48.5200000   8.0520000   7.6180000   6.9770000   1.8000000   1.6130000   1.4810000   1.1580000   1.1280000
   50.2400000   8.3760000   7.9310000   7.2430000   1.8820000   1.6900000   1.5440000   1.2210000   1.1810000
   51.9960000   8.7080000   8.2520000   7.5150000   1.9670000   1.7680000   1.6110000   1.2800000   1.2400000
   53.7890000   9.0470000   8.5810000   7.7900000   2.0460000   1.8430000   1.6770000   1.3350000   1.2950000
   55.6180000   9.3950000   8.9190000   8.0710000   2.1270000   1.9220000   1.7390000   1.3900000   1.3450000
   57.4860000   9.7520000   9.2650000   8.3580000   2.2120000   2.0060000   1.8110000   1.4550000   1.4100000
   59.3900000  10.1160000   9.6180000   8.6480000   2.3070000   2.0930000   1.8880000   1.5150000   1.4710000
   61.3320000  10.4880000   9.9780000   8.9430000   2.3980000   2.1710000   1.9510000   1.5780000   1.5280000
   63.3140000  10.8700000  10.3490000   9.2440000   2.4920000   2.2650000   2.0260000   1.6390000   1.5890000
   65.3510000  11.2720000  10.7390000   9.5610000   2.6020000   2.3640000   2.1100000   1.7180000   1.6620000
   67.4140000  11.6800000  11.1360000   9.8810000   2.7030000   2.4690000   2.1940000   1.7930000   1.7350000
   69.5240000  12.0980000  11.5420000  10.2040000   2.8180000   2.5750000   2.2810000   1.8710000   1.8090000
   71.6760000  12.5250000  11.9570000  10.5340000   2.9310000   2.6810000   2.3670000   1.9490000   1.8830000
   73.8720000  12.9640000  12.3840000  10.8710000   3.0500000   2.7920000   2.4570000   2.0310000   1.9600000
   76.1120000  13.4240000  12.8240000  11.2150000   3.1720000   2.9090000   2.5500000   2.1160000   2.0410000
   78.3950000  13.8920000  13.2730000  11.5640000   3.2970000   3.0260000   2.6450000   2.2020000   2.1220000
   80.7230000  14.3530000  13.7330000  11.9180000   3.4250000   3.1490000   2.7430000   2.2910000   2.2060000
   83.1030000  14.8460000  14.2090000  12.2840000   3.5620000   3.2800000   2.8470000   2.3850000   2.2950000
   85.5280000  15.3440000  14.6980000  12.6570000   3.7000000   3.4160000   2.9560000   2.4850000   2.3890000
   88.0060000  15.8600000  15.1980000  13.0350000   3.8500000   3.5540000   3.0660000   2.5860000   2.4840000
   90.5270000  16.3850000  15.7080000  13.4180000   3.9990000   3.6960000   3.1770000   2.6870000   2.5790000
     .0000000    .0000000    .0000000    .0000000    .0000000    .0000000    .0000000    .0000000    .0000000
     .0000000    .0000000    .0000000    .0000000    .0000000    .0000000    .0000000    .0000000    .0000000
   98.4170000  18.0550000  17.3440000  14.6120000   4.4780000   4.1580000   3.5340000   3.0140000   2.8860000
     .0000000    .0000000    .0000000    .0000000    .0000000    .0000000    .0000000    .0000000    .0000000
     .0000000    .0000000    .0000000    .0000000    .0000000    .0000000    .0000000    .0000000    .0000000
     .0000000    .0000000    .0000000    .0000000    .0000000    .0000000    .0000000    .0000000    .0000000
  109.6500000  20.4700000  19.6920000  16.3000000   5.1820000   4.8310000   4.0460000   3.4910000   3.3320000
     .0000000    .0000000    .0000000    .0000000    .0000000    .0000000    .0000000    .0000000    .0000000
  115.6000000  21.7560000  20.9470000  17.1670000   5.5490000   5.1810000   4.3040000   3.7280000   3.5520000
     .0000000    .0000000    .0000000    .0000000    .0000000    .0000000    .0000000    .0000000    .0000000
  121.7600000  23.0950000  22.2630000  18.0530000   5.9140000   5.5400000   4.5550000   3.9690000   3.7740000
     .0000000    .0000000    .0000000    .0000000    .0000000    .0000000    .0000000    .0000000    .0000000
     .0000000    .0000000    .0000000    .0000000    .0000000    .0000000    .0000000    .0000000    .0000000
     .0000000    .0000000    .0000000    .0000000    .0000000    .0000000    .0000000    .0000000    .0000000
     .0000000    .0000000    .0000000    .0000000    .0000000    .0000000    .0000000    .0000000    .0000000
     .0000000    .0000000    .0000000    .0000000    .0000000    .0000000    .0000000    .0000000    .0000000
     .0000000    .0000000    .0000000    .0000000    .0000000    .0000000    .0000000    .0000000    .0000000
    1.6700000    .0000000    .0000000    .0000000    .0000000
    6.6500000    .0000000    .0000000    .0000000    .0000000
   11.5200000    .0000000    .0000000    .0000000    .0000000
   14.9600000    .0000000    .0000000    .0000000    .0000000
   17.9500000    .0000000    .0000000    .0000000    .0000000
   19.9400000    .0000000    .0000000    .0000000    .0000000
   23.2600000    .0000000    .0000000    .0000000    .0000000
   26.5700000    .0000000    .0000000    .0000000    .0000000
   31.5500000    .0000000    .0000000    .0000000    .0000000
   33.5100000    .0000000    .0000000    .0000000    .0000000
   38.1900000    .0000000    .0000000    .0000000    .0000000
   40.3800000    .0000000    .0000000    .0000000    .0000000
   44.7800000    .0000000    .0000000    .0000000    .0000000
   46.6300000    .0000000    .0000000    .0000000    .0000000
   51.4300000    .0000000    .0000000    .0000000    .0000000
   53.2400000    .0000000    .0000000    .0000000    .0000000
   58.8700000    .0000000    .0000000    .0000000    .0000000
   66.3200000    .0000000    .0000000    .0000000    .0000000
   64.9300000    .0000000    .0000000    .0000000    .0000000
   66.5500000    .0000000    .0000000    .0000000    .0000000
   74.6500000    .0000000    .0000000    .0000000    .0000000
   79.5300000    .0000000    .0000000    .0000000    .0000000
   84.5900000    .0000000    .0000000    .0000000    .0000000
   86.3400000    .0000000    .0000000    .0000000    .0000000
   91.2200000    .0000000    .0000000    .0000000    .0000000
   92.7400000    .0000000    .0000000    .0000000    .0000000
   97.8500000    .0000000    .0000000    .0000000    .0000000
   97.4500000    .0000000    .0000000    .0000000    .0000000
  105.5000000    .0000000    .0000000    .0000000    .0000000
  108.6000000    .0000000    .0000000  12.0597000  -1.1025800
  115.8000000    .0000000    .0000000  12.2650000  -2.6897000
  120.5000000    .0000000    .0000000  12.4130000  -2.5308000
  124.4000000    .0000000    .0000000  12.5390000  -2.4138000
  131.1000000    .0000000    .0000000  12.6770000  -2.3975000
  132.7000000    .0000000    .0000000  12.7610000  -2.3773000
  139.1000000    .0000000    .0000000  12.8900000  -2.2602000
  141.9000000    .0000000    .0000000  13.0290000  -2.3869000
  145.5000000    .0000000    .0000000  13.1560000  -2.3665000
  147.6000000    .0000000    .0000000  13.2780000  -2.4317000
  151.5000000    .0000000    .0000000  13.4510000  -2.5020000
  154.3000000    .0000000    .0000000  13.5430000  -2.5013000
  159.3000000    .0000000    .0000000  13.6570000  -2.4848000
  164.4000000    .0000000    .0000000  13.7500000  -2.4474000
  167.8000000    .0000000    .0000000  13.8780000  -2.4807000
  170.9000000    .0000000    .0000000  14.0310000  -2.6130000
  176.7000000    .0000000    .0000000  14.1390000  -2.5721000
  179.1000000    .0000000    .0000000  14.1670000  -2.4808000
  186.6000000    .0000000    .0000000  14.3500000  -2.5276000
  190.7000000    .0000000    .0000000  14.4110000  -2.4940000
  197.1000000    .0000000    .0000000  14.5570000  -2.5679000
  202.2000000    .0000000    .0000000  14.6270000  -2.5556000
  211.9000000    .0000000    .0000000  14.7120000  -2.5432000
  210.7000000    .0000000    .0000000  14.7500000  -2.4818000
  218.0000000    .0000000    .0000000  14.7600000  -2.4507000
  220.7000000    .0000000    .0000000  14.9710000  -2.5315000
  228.1000000    .0000000    .0000000  15.0840000  -2.5634000
  230.7000000    .0000000    .0000000  15.1860000  -2.5829000
  232.7000000    .0000000    .0000000  15.2690000  -2.5817000
  234.0000000    .0000000    .0000000  15.3380000  -2.5709000
  239.6000000    .0000000    .0000000  15.4350000  -2.5901000
  244.1000000  13.3450000  -2.5958000  15.5130000  -2.5962000
  249.6000000  13.4110000  -2.6139000  15.6010000  -2.6133000
  252.4000000  13.4830000  -2.6344000  15.7060000  -2.6348000
  261.1000000  13.5450000  -2.6085000  15.7160000  -2.6084000
  263.9000000  13.6160000  -2.6406000  15.8420000  -2.6404000
  269.8000000  13.6770000  -2.6530000  15.9220000  -2.6529000
  273.9000000  13.7440000  -2.6795000  16.0140000  -2.6790000
  277.7000000  13.8330000  -2.6745000  16.0670000  -2.6759000
  280.5000000  13.8920000  -2.6797000  16.1270000  -2.6789000
  287.3000000  13.9110000  -2.4038000  16.1790000  -2.6772000
  290.6000000  13.9810000  -2.4084000  16.2290000  -2.6713000
  296.4000000  14.0550000  -2.4283000  16.2760000  -2.6662000
  300.5000000  14.1310000  -2.4721000  16.3040000  -2.6615000
  305.4000000  14.1540000  -2.3258000  16.2610000  -2.6067000
  309.2000000  14.2390000  -2.3533000  16.3560000  -2.6245000
  315.8000000  14.2800000  -2.2197000  16.4230000  -2.6316000
  319.1000000  14.3420000  -2.4018000  16.5140000  -2.6483000
  323.9000000  14.3780000  -2.3483000  16.7020000  -2.7163000
  327.4000000  14.4400000  -2.3284000  16.4730000  -2.5783000
  333.1000000  14.5190000  -2.3302000  16.5900000  -2.6067000
  339.4000000  14.5470000  -2.2677000  16.6560000  -2.6159000
  344.1000000  14.5770000  -2.2523000  16.7130000  -2.6154000
  347.0000000  14.6830000  -2.3094000  16.7080000  -2.5865000
     .0000000    .0000000    .0000000    .0000000    .0000000
     .0000000    .0000000    .0000000    .0000000    .0000000
  368.6000000  14.7240000  -2.1291000  16.9000000  -2.6095000
     .0000000    .0000000    .0000000    .0000000    .0000000
     .0000000    .0000000    .0000000    .0000000    .0000000
     .0000000    .0000000    .0000000    .0000000    .0000000
  385.2000000  14.7730000  -1.9119000  17.0480000  -2.5857000
     .0000000    .0000000    .0000000    .0000000    .0000000
  395.3000000  14.9040000  -2.1215000  17.0350000  -2.5690000
     .0000000    .0000000    .0000000    .0000000    .0000000
  397.0000000  14.8540000   -.1877300  17.2950000  -2.6216000
     .0000000    .0000000    .0000000    .0000000    .0000000
     .0000000    .0000000    .0000000    .0000000    .0000000
     .0000000    .0000000    .0000000    .0000000    .0000000
     .0000000    .0000000    .0000000    .0000000    .0000000
     .0000000    .0000000    .0000000    .0000000    .0000000
     .0000000    .0000000    .0000000    .0000000    .0000000
     .0000000    .0000000    .0000000   2.4496400  -3.3495300
     .0000000    .0000000    .0000000   6.0649000  -3.2905000
     .0000000    .0000000    .0000000   7.7537000  -2.8180000
     .0000000    .0000000    .0000000   9.0451000  -2.8349000
     .0000000    .0000000    .0000000   9.9506000  -2.7417000
     .0000000    .0000000    .0000000  10.6880000  -2.7140000
     .0000000    .0000000    .0000000  11.2760000  -2.6540000
     .0000000    .0000000    .0000000  11.7130000  -2.5723000
     .0000000    .0000000    .0000000  12.0960000  -2.4415000
     .0000000    .0000000    .0000000  12.4480000  -2.4582000
   10.2360000  -2.5591000   -.1195200  12.6780000  -2.2452000
   10.5970000  -2.8982000    .2345100  12.8790000  -2.1257000
   10.8710000  -2.7786000    .1758500  13.1740000  -2.1820000
   11.2240000  -2.7369000    .1275600  13.2680000  -1.9817000
   11.5510000  -2.9220000    .2542600  13.3730000  -1.8634000
   11.8180000  -2.6462000   -.0968050  13.7390000  -2.0479000
   12.0030000  -2.4169000   -.2409000  13.6190000  -1.7194000
   12.2960000  -2.6328000   -.0736600  13.9490000  -1.8228000
   12.4880000  -2.5366000   -.1048900  13.7980000  -1.5402000
   12.7040000  -2.5501000   -.0943200  14.2950000  -1.8864000
   12.8950000  -2.4061000   -.1777900  13.9660000  -1.4087000
   13.1080000  -2.5358000   -.0957180  14.3510000  -1.6632000
   13.2510000  -2.4976000   -.1063800  14.7600000  -1.8887000
   13.4240000  -2.5153000   -.1020000  14.8020000  -1.8243000
   13.5760000  -2.4976000   -.1059400  14.8960000  -1.7987000
   13.6700000  -2.3919000   -.1376500  14.3460000  -1.2349000
   13.8700000  -2.5067000   -.0869940  14.7050000  -1.3893000
   13.9850000  -2.4808000   -.0888120  14.2390000   -.9677400
   14.2440000  -2.5868000   -.0667400  14.5810000  -1.1838000
   14.3220000  -2.6238000   -.0264930  14.4120000   -.9330800
   14.4790000  -2.5447000   -.0757200  13.6180000   -.3184600
   14.6810000  -2.6929000   -.0208360  13.9290000   -.4796100
   14.6430000  -2.4840000   -.0796180  13.4720000   -.0773510
   14.7050000  -2.3885000   -.1058800  13.0760000    .1832400
   14.8140000  -2.4235000   -.0914590  13.2270000    .1371300
   14.9190000  -2.4242000   -.0876450  13.5930000   -.0305210
   14.9980000  -2.3911000   -.0959470  13.0200000    .3827400
   15.0110000  -2.2817000   -.1264900  13.5890000    .0022019
   15.1820000  -2.3895000   -.0881170  13.4670000    .1910200
   15.2910000  -2.3870000   -.0912290  12.7540000    .6974100
   15.2090000  -2.2028000   -.1367600  13.3840000    .2810300
   15.3490000  -2.2665000   -.1168800  13.9850000   -.1174300
   15.5090000  -2.3373000   -.0987860  12.8210000    .7519900
   15.4730000  -2.2308000   -.1194500  12.6660000    .8850200
   15.5760000  -2.2498000   -.1133800  12.1760000   1.1968000
   15.5650000  -2.1723000   -.1276500  13.9390000    .1645300
   15.6870000  -2.2264000   -.1122200  13.3930000    .4413800
   15.9670000  -2.3836000   -.0801100  12.5250000   1.0771000
   16.2100000  -2.5184000   -.0540060  11.8200000   1.4577000
   15.8640000  -2.1901000   -.1135400  13.0320000    .7907900
   15.7560000  -2.0446000   -.1407400   9.0700000   3.2879000
   16.1090000  -2.2788000   -.0929410  11.6660000   1.7105000
   16.4090000  -2.4821000   -.0507180  12.1080000   1.4363000
   16.3100000  -2.3168000   -.0854500  11.0860000   2.0836000
   16.5420000  -2.4636000   -.0542850  11.3760000   1.9416000
   16.6220000  -2.4897000   -.0449620  10.2250000   2.6783000
   16.3130000  -2.2016000   -.0980570  10.9780000   2.2381000
   16.5860000  -2.3629000   -.0654710  10.2730000   2.7456000
   16.7180000  -2.4033000   -.0612620  11.0160000   2.2206000
   16.5960000  -2.2607000   -.0872430  11.7630000   1.7948000
   16.8370000  -2.3888000   -.0645040  11.3860000   2.0559000
   16.8720000  -2.3905000   -.0601080  11.9220000   1.7955000
   17.0690000  -2.4805000   -.0447050  11.6170000   1.9753000
   17.1160000  -2.4784000   -.0437110   9.9197000   3.0311000
   17.1500000  -2.4551000   -.0471370  11.3820000   2.1445000
   17.3450000  -2.5482000   -.0317610  11.4840000   2.1045000
   17.6580000  -2.7252000   -.0008194   8.7520000   3.7182000
   17.7990000  -2.7467000   -.0028758  12.0190000   1.8482000
   17.4250000  -2.5110000   -.0329450  12.5610000   1.5752000
   16.9790000  -2.2258000   -.0732560   7.4279000   4.2895000
   17.2640000  -2.3719000   -.0495990  12.6390000   1.5548000
   16.4330000  -1.8285000   -.1322700   7.5816000   4.4704000
   17.2410000  -2.3031000   -.0591010   8.6527000   3.7312000
   17.2530000  -2.2387000   -.0727340   7.5754000   4.2887000
   17.8750000  -2.6105000   -.0136090   1.3694000   7.7944000
   17.3530000  -2.2855000   -.0588050  13.7530000   1.0212000
   16.5270000  -1.7631000   -.1352300  12.5510000   1.6309000
   17.3640000  -2.2111000   -.0730930  12.7880000   1.6360000
   17.4240000  -2.2391000   -.0663720   4.9635000   5.7921000
   17.1860000  -2.0847000   -.0853290  19.7590000  -1.9799000
   17.7380000  -2.3775000   -.0433220  15.2880000    .2736600
   17.7960000  -2.3769000   -.0455880   8.6337000   3.6940000
   17.5350000  -2.2335000   -.0596160   9.4429000   3.4497000
     .0000000    .0000000    .0000000    .0000000    .0000000
     .0000000    .0000000    .0000000    .0000000    .0000000
   17.5030000  -2.1388000   -.0724640  15.1780000    .3490200
     .0000000    .0000000    .0000000    .0000000    .0000000
     .0000000    .0000000    .0000000    .0000000    .0000000
     .0000000    .0000000    .0000000    .0000000    .0000000
   18.5480000  -2.6128000   -.0079057  13.4340000   1.3481000
     .0000000    .0000000    .0000000    .0000000    .0000000
   17.5260000  -2.0724000   -.0723930  13.7950000   1.2398000
     .0000000    .0000000    .0000000    .0000000    .0000000
   17.5520000  -2.0216000   -.0822940  18.2790000  -1.1737000
     .0000000    .0000000    .0000000    .0000000    .0000000
     .0000000    .0000000    .0000000    .0000000    .0000000
     .0000000    .0000000    .0000000    .0000000    .0000000
     .0000000    .0000000    .0000000    .0000000    .0000000
     .0000000    .0000000    .0000000    .0000000    .0000000
     .0000000    .0000000    .0000000    .0000000    .0000000
    -.0471370    .0070996   -.1190750   -.9370860   -.2005380
    -.1072600    .0144460   1.0477000   -.0851800   -.4035300
    -.2417400    .0262540   1.3437000    .1815600   -.4239800
    -.2100200    .0229530   2.0086000   -.0461920   -.3370200
    -.2151400    .0227840   2.6186000   -.2079200   -.2862800
    -.2005300    .0207250   3.1086000   -.2605800   -.2719700
    -.2004400    .0200770   3.4776000   -.2157600   -.2888700
    -.2058900    .0199240   3.7724000   -.1485400   -.3071200
    -.2344600    .0219540   4.0072000   -.0560910   -.3320200
    -.2125900    .0196490   4.2015000    .0416250   -.3567500
    -.2748700    .0250270   4.2637000    .1346600   -.3700800
    -.2993900    .0267640   4.3940000    .1378600   -.3595400
    -.2589600    .0222840   4.5199000    .1405500   -.3524400
    -.3169500    .0273930   4.6468000    .1627800   -.3585600
    -.3394400    .0288860   4.7853000    .1687100   -.3603800
    -.2732600    .0229980   4.9271000    .1657500   -.3594200
    -.3541500    .0290840   5.0722000    .1491300   -.3528600
    -.3288300    .0274380   5.2108000    .1356200   -.3472100
    -.3945300    .0323560   5.2559000    .1880400   -.3596200
    -.2836500    .0226260   5.3238000    .2066900   -.3616600
    -.4143600    .0334360   5.4394000    .2001700   -.3590600
    -.3315400    .0262070   5.5504000    .1977000   -.3576900
    -.2718600    .0215790   5.6551000    .1995300   -.3574900
    -.2791200    .0217320   5.7740000    .2038600   -.3597000
    -.2836600    .0222100   5.8463000    .2138100   -.3597200
    -.4187900    .0321660   5.9329000    .2250400   -.3617500
    -.3866300    .0303290   6.0148000    .2379600   -.3640600
    -.4780700    .0366140   6.0920000    .2522800   -.3665700
    -.4138500    .0312090   6.1774000    .2731200   -.3723600
    -.4773600    .0362830   6.2340000    .2843100   -.3721400
    -.6113500    .0458140   6.2830000    .2913300   -.3693900
    -.5729000    .0431280   6.3390000    .2915100   -.3656400
    -.6604600    .0492180   6.3975000    .2888700   -.3617500
    -.6942600    .0502280   6.4564000    .2867400   -.3587900
    -.6832000    .0495420   6.5144000    .2863200   -.3570300
    -.6513400    .0477620   6.5713000    .2877100   -.3563100
    -.7324300    .0529870   6.5975000    .3023900   -.3567500
    -.6389400    .0460070   6.6220000    .3245600   -.3616500
    -.6866200    .0497360   6.6710000    .3250800   -.3606100
    -.7893100    .0564530   6.7228000    .3239600   -.3594600
    -.6866100    .0486610   6.7901000    .3112800   -.3552300
    -.5910900    .0417840   6.8460000    .3028000   -.3511300
    -.7870100    .0558670   6.8760000    .3261600   -.3589700
    -.8111400    .0573760   6.9314000    .3347900   -.3635000
    -.8667000    .0606930   6.9755000    .3463900   -.3677900
    -.6621700    .0476290   7.0322000    .3498400   -.3701000
    -.6937100    .0482090   7.0645000    .3634600   -.3736000
    -.8314200    .0579120   7.0986000    .3722000   -.3753400
    -.8885300    .0605980   7.1271000    .3820800   -.3768500
    -.7623500    .0527870   7.1609000    .3855100   -.3764800
   -1.2620000    .0853470   7.1967000    .3855400   -.3750500
    -.9482800    .0653210   7.2346000    .3824900   -.3727100
    -.8820400    .0603570   7.2741000    .3772200   -.3697300
   -1.0121000    .0690310   7.3147000    .3703100   -.3662800
    -.9832300    .0671990   7.3349000    .3768300   -.3657100
   -1.1265000    .0762670   7.3581000    .3793600   -.3641000
   -1.0355000    .0702340   7.3953000    .3699000   -.3593800
   -1.1417000    .0774160   7.4426000    .3713300   -.3596400
   -1.0222000    .0690460   7.4835000    .3684300   -.3576900
    -.9366600    .0635330   7.5233000    .3664600   -.3560500
    -.9881800    .0669110   7.5622000    .3650500   -.3545100
    -.9429000    .0644200   7.6002000    .3641300   -.3530900
    -.9709000    .0658460   7.6371000    .3639600   -.3519100
   -1.1752000    .0786750   7.6694000    .3597500   -.3489000
    -.9992200    .0675570   7.7080000    .3653500   -.3500300
    -.9898700    .0669380   7.7419000    .3671100   -.3494300
   -1.2927000    .0855030   7.7747000    .3697200   -.3491300
    -.9395800    .0638110   7.8064000    .3732300   -.3491500
    -.8904700    .0609780   7.8371000    .3775500   -.3494400
   -1.3517000    .0866140   7.8666000    .3829300   -.3501300
    -.8810900    .0602040   7.8914000    .3860300   -.3497600
   -1.4281000    .0939040   7.9180000    .3870200   -.3488800
   -1.2636000    .0823540   7.9453000    .3873000   -.3479300
   -1.3500000    .0865200   7.9727000    .3877000   -.3471600
   -1.9982000    .1262200   7.9994000    .3887400   -.3467300
    -.7771300    .0538810   8.0257000    .3904600   -.3466600
    -.8756800    .0592010   8.0515000    .3931400   -.3470500
    -.8985200    .0618550   8.0808000    .3957900   -.3480300
   -1.6184000    .1029100   8.1052000    .4005800   -.3493400
    -.2769800    .0268860   8.1254000    .4058600   -.3503300
    -.6388900    .0457500   8.1440000    .4086900   -.3498000
   -1.2131000    .0774600   8.1600000    .4180300   -.3523300
   -1.1989000    .0783480   8.1749000    .4279200   -.3550700
     .0000000    .0000000    .0000000    .0000000    .0000000
     .0000000    .0000000    .0000000    .0000000    .0000000
    -.6376400    .0451380   8.2255000    .4514800   -.3620600
     .0000000    .0000000    .0000000    .0000000    .0000000
     .0000000    .0000000    .0000000    .0000000    .0000000
     .0000000    .0000000    .0000000    .0000000    .0000000
    -.8132800    .0555660   8.2784000    .4790600   -.3676600
     .0000000    .0000000    .0000000    .0000000    .0000000
    -.8015500    .0553600   8.3301000    .4783100   -.3672500
     .0000000    .0000000    .0000000    .0000000    .0000000
    -.3683400    .0298740   8.3817000    .4770900   -.3665600
     .0000000    .0000000    .0000000    .0000000    .0000000
     .0000000    .0000000    .0000000    .0000000    .0000000
     .0000000    .0000000    .0000000    .0000000    .0000000
     .0000000    .0000000    .0000000    .0000000    .0000000
     .0000000    .0000000    .0000000    .0000000    .0000000
     .0000000    .0000000    .0000000    .0000000    .0000000
     .0106587  -2.1577200   1.3268500   -.3056200    .0185025
     .0269400  -2.5636000   2.0254000   -.4487100    .0279690
     .0266190  -1.0874000   1.0337000   -.1903800    .0077995
     .0186940   -.6900800    .9464500   -.1711400    .0065141
     .0144970   -.7911800   1.2161000   -.2390900    .0117690
     .0135180   -.9828800   1.4669000   -.2937400    .0156000
     .0151310  -1.2369000   1.7451000   -.3546600    .0198700
     .0167300  -1.7368000   2.1769000   -.4490500    .0264730
     .0187930  -1.8757000   2.3202000   -.4754100    .0280680
     .0207590  -1.7551000   2.2423000   -.4476400    .0255800
     .0214470   -.9677200   1.6179000   -.2871900    .0131530
     .0202380   -.5716100   1.3550000   -.2224900    .0083014
     .0193690   -.4393200   1.3087000   -.2116500    .0075421
     .0196930   -.4149700   1.3487000   -.2223100    .0084196
     .0197150   -.4769000   1.4603000   -.2513300    .0107200
     .0195510   -.6564200   1.6541000   -.2986200    .0142980
     .0189440   -.7186300   1.7429000   -.3194300    .0158430
     .0184330   -.6821100   1.7428000   -.3176500    .0156470
     .0193080   -.3440100   1.4924000   -.2541400    .0107680
     .0193330   -.0982420   1.3283000   -.2137500    .0077306
     .0191030   -.1598300   1.3906000   -.2258500    .0085195
     .0189870   -.2305700   1.4585000   -.2391600    .0093853
     .0189690   -.3081000   1.5288000   -.2527700    .0102570
     .0192220   -.3876400   1.5973000   -.2662400    .0111520
     .0191460   -.2470600   1.4972000   -.2387800    .0089321
     .0193020   -.3423800   1.5725000   -.2532000    .0098582
     .0194750   -.4288000   1.6413000   -.2660100    .0106510
     .0196590   -.5043600   1.7004000   -.2764400    .0112630
     .0201640   -.5702100   1.7504000   -.2845500    .0116930
     .0200530   -.4205300   1.6340000   -.2536500    .0092723
     .0197030   -.3582200   1.6005000   -.2449100    .0086190
     .0192900   -.3343800   1.6024000   -.2455500    .0087124
     .0188790   -.3391900   1.6253000   -.2507800    .0090910
     .0185620   -.4329300   1.7283000   -.2771400    .0111730
     .0183560   -.4480000   1.7608000   -.2851000    .0117860
     .0182470   -.3918100   1.7301000   -.2768200    .0111280
     .0181710   -.1280400   1.5304000   -.2274000    .0073903
     .0184800    .0799160   1.3840000   -.1922200    .0047861
     .0183330    .0629060   1.4158000   -.1997100    .0053331
     .0181890    .0366700   1.4521000   -.2081200    .0059514
     .0178230    .0002023   1.4935000   -.2174200    .0066224
     .0174400   -.0562860   1.5578000   -.2333400    .0078551
     .0180480    .0757620   1.4495000   -.2048900    .0056475
     .0184430   -.0424980   1.5464000   -.2264700    .0071838
     .0187880   -.1604000   1.6486000   -.2502400    .0089382
     .0189980   -.2675600   1.7374000   -.2698800    .0103250
     .0192480   -.1664700   1.6579000   -.2487400    .0086622
     .0193480   -.0516700   1.5743000   -.2276500    .0070565
     .0194150   -.0081728   1.5587000   -.2244900    .0068578
     .0193300    .0142150   1.5575000   -.2247400    .0069140
     .0191610    .0156360   1.5718000   -.2287500    .0072639
     .0189190   -.0407580   1.6427000   -.2479000    .0088057
     .0186280   -.0404420   1.6560000   -.2510700    .0090487
     .0183030   -.0028241   1.6404000   -.2476400    .0088214
     .0181840    .1848600   1.5003000   -.2133300    .0062426
     .0179820    .3443800   1.3874000   -.1863600    .0042492
     .0175410    .4091000   1.3307000   -.1708800    .0030411
     .0175850    .4398800   1.3092000   -.1645500    .0025264
     .0174100    .4491200   1.3035000   -.1618400    .0022739
     .0172620    .4372800   1.3137000   -.1628700    .0022938
     .0171210    .4058200   1.3384000   -.1672300    .0025557
     .0169890    .3553800   1.3773000   -.1749400    .0030621
     .0168780    .2803200   1.4402000   -.1886400    .0040123
     .0165890    .2731300   1.4384000   -.1861400    .0037524
     .0166930    .2575400   1.4506000   -.1875900    .0037993
     .0166270    .2426900   1.4627000   -.1891000    .0038563
     .0165860    .2284900   1.4744000   -.1905600    .0039090
     .0165710    .2152300   1.4855000   -.1919100    .0039565
     .0165780    .2026600   1.4963000   -.1932300    .0040023
     .0166170    .2022500   1.4880000   -.1891400    .0036226
     .0165480    .1971800   1.5026000   -.1924700    .0038575
     .0164410    .1994700   1.5023000   -.1913900    .0037401
     .0163300    .1968700   1.5062000   -.1914000    .0037089
     .0162370    .1910200   1.5124000   -.1919200    .0037145
     .0161750    .1896400   1.5087000   -.1895700    .0034958
     .0161450    .1164500   1.5761000   -.2055300    .0046673
     .0161570    .0719910   1.6120000   -.2131900    .0052050
     .0162350    .0420190   1.6361000   -.2179600    .0055267
     .0163260    .0156920   1.6541000   -.2209800    .0057075
     .0163770    .1145900   1.5808000   -.2029700    .0043569
     .0162890    .1470500   1.5670000   -.2003500    .0042090
     .0164660    .1821700   1.5466000   -.1957900    .0039077
     .0166600    .1898600   1.5613000   -.2009300    .0043677
     .0000000    .0000000    .0000000    .0000000    .0000000
     .0000000    .0000000    .0000000    .0000000    .0000000
     .0171560    .1966200   1.6008000   -.2138000    .0055172
     .0000000    .0000000    .0000000    .0000000    .0000000
     .0000000    .0000000    .0000000    .0000000    .0000000
     .0000000    .0000000    .0000000    .0000000    .0000000
     .0174620    .1708900   1.6556000   -.2297000    .0069252
     .0000000    .0000000    .0000000    .0000000    .0000000
     .0174130    .1082800   1.7416000   -.2541000    .0089506
     .0000000    .0000000    .0000000    .0000000    .0000000
     .0173420    .0388790   1.8223000   -.2760100    .0107390
     .0000000    .0000000    .0000000    .0000000    .0000000
     .0000000    .0000000    .0000000    .0000000    .0000000
     .0000000    .0000000    .0000000    .0000000    .0000000
     .0000000    .0000000    .0000000    .0000000    .0000000
     .0000000    .0000000    .0000000    .0000000    .0000000
     .0000000    .0000000    .0000000    .0000000    .0000000
