L3-M5,NIST-Chantler 2005,,,,,,,,,,,,,,,,,,,,,,,,,,,,,,,,,,,,,,,,,,,,,,,,,,,,,,,,,,,,,,,,,,,,,,,,,,,,,,,,,,,,,,,,,
,Elm,Be,B,C,N,O,F,Ne,Na,Mg,Al,Si,P,S,Cl,Ar,K,Ca,Sc,Ti,V,Cr,Mn,Fe,Co,Ni,Cu,Zn,Ga,Ge,As,Se,Br,Kr,Rb,Sr,Y,Zr,Nb,Mo,Tc,Ru,Rh,Pd,Ag,Cd,In,Sn,Sb,Te,I,Xe,Cs,Ba,La,Ce,Pr,Nd,Pm,Sm,Eu,Gd,Tb,Dy,Ho,Er,Tm,Yb,Lu,Hf,Ta,W,Re,Os,Ir,Pt,Au,Hg,Tl,Pb,Bi,Po,At,Rn,Fr,Ra,Ac,Th,Pa,U
,Z,4,5,6,7,8,9,10,11,12,13,14,15,16,17,18,19,20,21,22,23,24,25,26,27,28,29,30,31,32,33,34,35,36,37,38,39,40,41,42,43,44,45,46,47,48,49,50,51,52,53,54,55,56,57,58,59,60,61,62,63,64,65,66,67,68,69,70,71,72,73,74,75,76,77,78,79,80,81,82,83,84,85,86,87,88,89,90,91,92
,keV,###,###,###,###,###,###,###,###,###,###,###,###,###,###,###,###,0.34067,0.395,0.452,0.511,0.5722,0.633156,0.7045,0.7757,0.8511,0.9295,1.0116,1.098,1.188,1.2819,1.3791,1.4809,1.586,1.6941,1.8065,1.9226,2.0423,2.1659,2.2932,2.424,2.5585,2.6968,2.8386,2.9844,3.1338,3.287,3.444,3.6047,3.7693,3.9377,4.1099,4.2864,4.4663,4.651,4.8401,5.0333,5.2302,5.4324,5.636,5.846,6.0576,6.2728,6.4952,6.7197,6.9486,7.1803,7.4158,7.6556,7.899,8.146,8.3976,8.6524,8.9108,9.1748,9.4421,9.713,9.989,10.2682,10.5512,10.839,11.1308,11.4268,11.727,12.0315,12.3395,12.652,12.9683,13.2913,13.6146
H,1,###,###,###,###,###,###,###,###,###,###,###,###,###,###,###,###,239.3431,148.325675,95.678456,64.068258,44.188543,31.653265,22.234238,16.152837,11.86109,8.838695,6.658286,5.057746,3.880961,3.003734,2.347168,1.845011,1.462761,1.169715,0.940461,0.760969,0.619548,0.507118,0.417343,0.34533,0.287134,0.239814,0.201226,0.169496,0.143361,0.121708,0.103695,0.088662,0.076052,0.06544,0.056482,0.048874,0.042424,0.036899,0.032166,0.028108,0.024625,0.021606,0.019032,0.016775,0.014839,0.013155,0.011665,0.010374,0.009241,0.008252,0.007382,0.006613,0.005936,0.005337,0.004805,0.004334,0.003915,0.003539,0.003205,0.002907,0.002639,0.002399,0.002184,0.00199,0.001816,0.001658,0.001516,0.001388,0.001272,0.001167,0.001071,0.000984,0.000906
He,2,###,###,###,###,###,###,###,###,###,###,###,###,###,###,###,###,1700.598503,1112.600794,750.75075,521.849577,371.3099,272.802368,196.273973,145.33933,108.464372,81.920685,62.339338,47.561116,36.620262,28.418509,22.250452,17.512997,13.896528,11.115403,8.936336,7.227417,5.879614,4.807463,3.95116,3.264337,2.709539,2.258683,1.891197,1.589459,1.341314,1.135947,0.965348,0.823241,0.704258,0.60431,0.52013,0.448784,0.388424,0.33685,0.29276,0.25506,0.22279,0.194878,0.171138,0.150388,0.132633,0.117222,0.103626,0.091875,0.081594,0.072638,0.064786,0.057869,0.051788,0.046425,0.041673,0.037476,0.033756,0.03043,0.027478,0.02485,0.022494,0.020395,0.018516,0.016826,0.01531,0.013946,0.012718,0.011609,0.010611,0.009708,0.008892,0.008148,0.00748
Li,3,###,###,###,###,###,###,###,###,###,###,###,###,###,###,###,###,4874.628114,3198.636688,2171.155037,1521.600109,1093.625144,812.399966,592.692994,445.394437,337.808414,259.565452,201.077771,155.574863,121.289748,95.373097,75.704284,60.447988,48.672006,39.518272,32.257577,26.494451,21.890588,18.181056,15.178777,12.737836,10.739021,9.092616,7.73265,6.587831,5.622714,4.804346,4.119587,3.544692,3.059608,2.649134,2.300593,2.002891,1.749094,1.530434,1.342059,1.179641,1.039509,0.917356,0.812599,0.720302,0.640653,0.571028,0.509084,0.45515,0.407579,0.365815,0.328905,0.296157,0.267132,0.241356,0.218334,0.197794,0.179447,0.162821,0.14789,0.134522,0.122471,0.111668,0.101949,0.093162,0.085231,0.078058,0.071564,0.065676,0.060345,0.055496,0.051091,0.047049,0.04341
Be,4,###,###,###,###,###,###,###,###,###,###,###,###,###,###,###,###,11444.82157,7670.685829,5298.639206,3766.37094,2738.839733,2054.419037,1513.531534,1147.047098,877.03285,679.037465,529.973019,413.776241,326.137594,259.168091,207.820631,167.585514,136.234129,111.62576,91.932501,76.162447,63.458673,52.926331,44.284017,37.240686,31.461813,26.691926,22.745006,19.423433,16.623793,14.250197,12.258462,10.580963,9.160867,7.954945,6.927868,6.048015,5.295943,4.646267,4.085045,3.599907,3.18027,2.813542,2.498259,2.219836,1.979,1.767999,1.579844,1.415634,1.270469,1.142728,1.029593,0.929015,0.839688,0.760198,0.689061,0.625361,0.568341,0.516359,0.469456,0.427424,0.389496,0.355467,0.324821,0.297089,0.272036,0.24936,0.228811,0.210166,0.19327,0.177889,0.163903,0.151062,0.139489
B,5,###,###,###,###,###,###,###,###,###,###,###,###,###,###,###,###,21112.87856,14455.08527,10152.20273,7319.597498,5390.232766,4087.190824,3043.306655,2326.861254,1792.34505,1396.529586,1095.940178,858.701571,679.149282,541.486511,435.589485,352.35496,287.286879,236.073986,194.972727,161.972281,135.316034,113.59438,95.829765,81.24098,69.173977,59.138381,50.770119,43.662002,37.616069,32.444489,28.070072,24.335134,21.114592,18.374853,16.036832,14.030193,12.310976,10.822683,9.534599,8.418894,7.451915,6.605316,5.876134,5.230875,4.671682,4.180495,3.741752,3.358129,3.018487,2.71926,2.453821,2.217401,2.007117,1.819732,1.651797,1.501108,1.366018,1.242449,1.13064,1.030354,0.939805,0.858486,0.785178,0.718781,0.658746,0.604361,0.555035,0.510233,0.469598,0.432579,0.398894,0.367942,0.340026
C,6,###,###,###,###,###,###,###,###,###,###,###,###,###,###,###,###,33364.762,23759.38977,17101.18718,12542.56878,9358.331068,7171.138929,5394.510441,4160.935257,3231.89054,2537.171624,2006.526327,1594.49228,1271.430557,1017.70347,821.757452,667.168504,545.894463,450.11301,372.983505,310.84391,260.497403,219.350152,185.597851,157.795654,134.731813,115.502545,99.422924,85.691508,73.950319,63.853914,55.317586,48.07797,41.908773,36.637348,32.118406,28.222326,24.870268,21.956193,19.423258,17.220404,15.303642,13.592482,12.104664,10.784452,9.639146,8.633012,7.733576,6.946726,6.249464,5.634549,5.088636,4.602106,4.169009,3.782785,3.436375,3.125329,2.846271,2.591116,2.360263,2.152986,1.965606,1.797172,1.645216,1.507467,1.382794,1.269733,1.167103,1.073821,0.989145,0.911939,0.841623,0.776958,0.718587
N,7,###,###,###,###,###,###,###,###,###,###,###,###,###,###,###,###,2223.108622,1553.552619,23476.95344,17770.02876,13542.37105,10532.1423,8021.349445,6244.01239,4886.531344,3860.884423,3070.683088,2452.858604,1972.886762,1596.440452,1301.192466,1065.245438,878.021276,725.636108,602.094652,502.398111,421.520334,355.358543,301.020384,256.210488,219.005861,187.946905,161.949646,139.722434,120.694018,104.311339,90.44685,78.678402,68.642043,60.059183,52.694994,46.339964,40.868217,36.107822,31.96733,28.363461,25.225074,22.464196,20.07515,17.951507,16.102972,14.473888,13.012307,11.728918,10.587716,9.57779,8.676657,7.858103,7.128431,6.471938,5.882699,5.353819,4.879127,4.445451,4.053241,3.700764,3.381854,3.094923,2.835803,2.600693,2.387718,2.194419,2.018801,1.858993,1.713797,1.581302,1.460543,1.3494,1.248981
O,8,###,###,###,###,###,###,###,###,###,###,###,###,###,###,###,###,3201.713745,2250.989238,1631.674622,1198.947226,17434.46678,13896.57731,10758.58893,8470.440955,6703.905623,5349.514456,4282.100612,3427.420666,2764.902627,2245.617102,1837.955962,1511.453003,1251.580105,1043.704766,874.187681,736.065816,622.946868,527.925052,448.300335,382.090068,327.04055,281.02477,242.460058,209.464249,181.193848,156.827119,136.173414,118.618789,103.630005,90.794026,79.766014,70.237025,62.022031,54.866066,48.634322,43.203539,38.468452,34.298316,30.685744,27.471302,24.670115,22.197737,19.977298,18.025975,16.289095,14.750815,13.379153,12.151061,11.053265,10.070511,9.185464,8.387086,7.667895,7.006553,6.405074,5.861992,5.365721,4.918479,4.510511,4.139326,3.802827,3.497152,3.219262,2.966262,2.736259,2.526252,2.334757,2.158404,1.998988
F,9,###,###,###,###,###,###,###,###,###,###,###,###,###,###,###,###,4440.925418,3084.402434,2213.167303,1637.349381,1240.874856,960.398984,13001.69295,10313.58878,8229.956748,6624.810222,5364.888402,4351.826133,3541.804197,2886.632517,2367.803935,1950.666098,1617.640794,1350.417198,1132.222655,954.078747,807.971086,687.211927,587.086437,503.780755,434.025654,375.320215,324.564325,280.820817,243.284119,210.961784,183.517615,160.149169,140.159928,123.007349,108.245861,95.470849,84.439867,74.815706,66.421394,59.094942,52.697627,47.054867,42.159294,37.796806,33.989832,30.626166,27.600949,24.938085,22.564804,20.460549,18.58178,16.897472,15.389975,14.03877,12.820427,11.71852,10.724512,9.806073,8.967622,8.211899,7.526219,6.907503,6.347169,5.837319,5.374201,4.95275,4.568797,4.218548,3.899486,3.60698,3.33654,3.087261,2.86113
Ne,10,###,###,###,###,###,###,###,###,###,###,###,###,###,###,###,###,7056.677399,4847.187094,3429.806115,2500.775846,1868.383966,1439.570575,1094.058131,854.839017,674.101469,8835.212902,7266.995306,5921.273358,4838.560515,3968.786975,3275.13786,2711.187367,2251.413646,1881.918151,1579.947726,1333.231335,1130.608285,962.836198,823.491794,707.36689,609.972641,527.860981,458.5133,398.895603,347.589614,303.197081,264.943257,231.888431,203.108294,178.409876,157.136518,138.706574,122.781053,108.87564,96.736955,86.134139,76.868851,68.690332,61.589515,55.258202,49.729058,44.838707,40.437607,36.56246,33.106057,30.038185,27.297421,24.839764,22.638636,20.66391,18.882244,17.268996,15.812715,14.464823,13.232593,12.121574,11.113218,10.203031,9.37821,8.627426,7.94532,7.324509,6.75876,6.242492,5.772048,5.341488,4.947928,4.584656,4.255547
Na,11,###,###,###,###,###,###,###,###,###,###,###,###,###,###,###,###,9305.809297,6466.795396,4627.058487,3405.10908,2562.851171,1971.709287,1490.885518,1158.491985,908.820893,722.02994,578.061959,6099.650959,6381.83145,5234.875568,3994.082177,3187.471755,2626.304813,2211.715998,1887.221774,1623.330591,1401.784566,1205.986894,1034.632669,888.793972,766.611123,663.707111,576.837965,502.11825,437.767285,382.03505,334.427818,293.639809,258.534807,228.24013,202.018388,179.197506,159.379919,141.93864,126.167997,112.378347,100.313231,89.661862,80.412291,72.163199,64.957603,58.583952,52.846421,47.792483,43.283808,39.281686,35.705503,32.498181,29.624995,27.04653,24.719661,22.612105,20.709197,18.947075,17.335515,15.882221,14.562868,13.371812,12.292778,11.310536,10.417929,9.605277,8.864599,8.188584,7.572483,7.008539,6.492975,6.017029,5.585809
Mg,12,###,###,###,###,###,###,###,###,###,###,###,###,###,###,###,###,12787.24861,8919.158892,6386.786207,4693.374652,3522.309911,2719.565423,2067.330764,1613.166029,1269.852147,1011.600866,809.424406,643.2864,516.66542,418.766809,5018.413664,4327.774725,3582.538848,2945.151894,2467.496561,2089.385748,1783.894323,1532.178813,1322.197509,1145.471056,995.042572,864.168888,751.951568,655.101261,571.61389,499.240437,437.367077,384.313756,338.615912,299.158347,264.982453,235.219013,209.353377,186.645163,166.720677,149.225875,133.859562,120.218268,108.312528,97.298468,87.626613,79.065776,71.355842,64.562066,58.498464,53.113778,48.299942,43.980237,40.108901,36.633836,33.49651,30.653757,28.085969,25.707361,23.531202,21.567824,19.784403,18.17374,16.714266,15.385213,14.176757,13.075784,12.071948,11.155754,10.320522,9.555682,8.856131,8.210089,7.624534
Al,13,###,###,###,###,###,###,###,###,###,###,###,###,###,###,###,###,16312.51576,11436.71515,8227.504864,6071.941579,4572.824136,3540.588739,2698.23165,2109.678176,1663.340051,1326.89424,1065.62851,850.942422,686.173088,558.072608,457.56679,375.931483,3971.261613,3519.108821,3000.435498,2530.318609,2141.176039,1828.561386,1572.964655,1360.242061,1181.489423,1029.793322,900.403281,788.446375,690.95999,604.077147,529.58187,465.632514,410.521835,362.897736,321.623277,285.657767,254.389896,226.925104,202.8139,181.629231,163.009539,146.483782,132.057334,119.12526,107.77129,97.676349,88.530478,80.344158,72.989737,66.303388,60.323005,54.954012,50.140041,45.817054,41.912421,38.374565,35.177718,32.218201,29.511388,27.06768,24.846839,22.839737,21.019108,19.359967,17.850805,16.475669,15.221013,14.074513,13.028523,12.070194,11.193557,10.383469,9.648712
Si,14,###,###,###,###,###,###,###,###,###,###,###,###,###,###,###,###,21372.65596,15085.39103,10899.77862,8063.967149,6084.008164,4716.882552,3597.765872,2814.048509,2218.935957,1770.108579,1420.808539,1131.453295,909.993854,738.281715,604.58349,498.16508,413.864784,346.604143,291.844221,3067.280219,2659.986372,2284.832368,1961.173175,1690.872993,1467.676171,1279.971298,1120.376626,982.210982,862.510093,758.382866,668.784795,590.893077,522.502138,462.015067,409.398029,363.553319,323.703622,288.706798,257.988544,231.003718,207.290571,186.243763,167.872151,151.408838,136.957285,124.115987,112.500133,102.217057,93.001098,84.784763,77.409929,70.767154,64.790382,59.252359,54.24416,49.691314,45.572572,41.762636,38.279593,35.13291,32.270988,29.68286,27.334117,25.192433,23.243144,21.465906,19.843377,18.359901,17.00568,15.764117,14.627229,13.57607,12.62231
P,15,###,###,###,###,###,###,###,###,###,###,###,###,###,###,###,###,25701.47235,18298.2475,13295.29763,9878.790181,7474.927123,5804.015981,4431.187637,3467.398556,2733.709665,2179.55389,1747.903852,1389.18581,1115.281046,903.297385,738.598647,607.771366,504.31492,421.905146,354.925495,300.417937,255.784927,2545.609969,2235.864674,1948.681171,1692.525499,1472.600636,1288.130516,1129.741779,993.120874,874.18327,771.753017,683.177901,606.181477,539.247448,480.7294,429.155513,382.636267,341.246058,304.91472,273.004851,244.969905,220.092312,198.37904,178.918327,161.835759,146.655966,132.925771,120.774389,109.883528,100.170937,91.453556,83.60233,76.538545,70.17348,64.405268,59.167943,54.420959,49.98332,45.891964,42.179134,38.763149,35.672388,32.866017,30.305768,27.9743,25.847458,23.90485,22.1281,20.505454,19.017153,17.653938,16.392928,15.248218
S,16,###,###,###,###,###,###,###,###,###,###,###,###,###,###,###,###,31434.95001,22647.24182,16593.96866,12400.9017,9424.053405,7344.354528,5624.720096,4409.049295,3480.113434,2776.610226,2226.818333,1768.778036,1419.234637,1149.012882,939.178,772.594076,640.955752,536.155877,451.013874,381.761534,325.068581,278.239213,239.382278,206.968244,2007.794059,1763.948861,1545.527105,1356.821763,1194.704897,1053.830345,930.843724,824.224003,731.703901,651.249911,581.051978,519.467321,465.466842,417.700766,375.471158,337.40845,302.884079,272.24169,245.488252,221.496298,200.427273,181.696596,164.749025,149.750201,136.302026,124.305287,113.533392,103.827633,95.091895,87.215133,80.074407,73.588758,67.708305,62.259515,57.267651,52.742395,48.61338,44.866579,41.416259,38.254521,35.353711,32.673984,30.225777,27.986241,25.94049,24.063616,22.343898,20.752741,19.308055
Cl,17,###,###,###,###,###,###,###,###,###,###,###,###,###,###,###,###,35061.85776,25504.63823,18851.92822,14188.04407,10841.55368,8483.189914,6520.737604,5127.220517,4056.063132,3240.284274,2603.223942,2078.496172,1669.906724,1352.789068,1106.381673,910.57402,755.727684,632.365038,532.106143,450.50956,383.689333,328.475539,282.645867,244.434312,212.343132,185.241635,1696.984145,1497.977021,1321.397451,1166.427909,1033.960414,918.809692,817.57783,727.690987,649.027302,580.060122,519.745203,466.449009,419.388849,377.764006,340.928846,307.988029,279.053229,252.013754,228.130682,206.891012,187.665428,170.641089,155.372293,141.751378,129.515904,118.482526,108.548636,99.593128,91.471605,84.090855,77.396236,71.190728,65.503549,60.346318,55.639102,51.366323,47.47447,43.912819,40.659468,37.68272,34.955588,32.425374,30.102452,27.962685,25.970283,24.126404,22.451905
Ar,18,###,###,###,###,###,###,###,###,###,###,###,###,###,###,###,###,39065.38285,28446.64407,21121.13197,15967.47794,12243.00135,9603.812131,7396.289266,5822.513973,4610.085985,3685.175176,2960.570142,2367.684407,1911.713359,1555.208723,1272.928316,1047.427618,869.112213,727.014041,611.508798,517.511527,440.539536,376.948238,324.17788,280.18645,243.247557,212.079206,185.693608,162.483291,142.022732,1255.662412,1114.739147,991.31443,882.890753,787.843926,704.309045,630.258958,564.989607,507.127349,455.862696,410.541235,370.45812,334.660593,303.235089,274.884446,249.861857,227.316112,206.77543,188.073184,171.29393,156.317863,142.862663,130.735071,119.81246,109.95833,101.019336,92.895431,85.52504,78.690876,72.425537,66.742422,61.55385,56.842807,52.550569,48.621422,45.031387,41.745661,38.734665,35.971684,33.440215,31.111047,28.971385,26.985953,25.163656
K,19,###,###,###,###,###,###,###,###,###,###,###,###,###,###,###,###,42383.07712,35019.4034,26202.02672,19909.41725,15331.71159,12072.55288,9333.227659,7372.120242,5855.074748,4693.267725,3785.255847,3062.302335,2488.660227,2026.460053,1662.431884,1372.13274,1138.326461,951.144372,799.099276,675.495294,574.374587,490.915253,421.729719,364.117,315.792164,275.044978,240.584379,210.30706,183.658804,160.078257,140.021968,135.312019,1077.517386,961.109432,859.798101,771.104659,693.379746,624.353245,561.958421,506.567193,457.326777,413.24625,374.503304,339.47403,308.556241,280.902647,255.773092,233.421261,213.263871,195.019112,178.564217,163.458864,149.849986,137.571007,126.428715,116.298639,107.105124,98.575915,90.752878,83.655096,77.174022,71.287743,65.923883,61.012484,56.523617,52.413973,48.646905,45.18992,42.02188,39.106144,36.426721,33.939745,31.674417
Ca,20,###,###,###,###,###,###,###,###,###,###,###,###,###,###,###,###,4461.102155,36257.43711,30404.14942,23227.50196,17963.86441,14199.05226,11027.98442,8743.286499,6962.869647,5596.101061,4525.037174,3662.033971,2984.173765,2447.450845,2021.954972,1669.559774,1388.401089,1164.252631,979.339798,827.281733,702.804449,600.147389,515.110984,444.354943,385.054726,335.091932,292.873592,255.817966,223.237948,194.442009,169.972168,149.084424,131.173773,115.782146,1000.194661,890.408046,798.244577,718.024723,648.263342,586.396929,531.537941,481.238145,436.521768,395.958929,360.118402,327.942317,298.681002,272.55757,249.03786,227.947038,208.941267,191.757659,176.236958,161.981638,149.028228,137.154305,126.354004,116.327864,107.126802,98.777161,91.153436,84.227193,77.912411,72.128359,66.84045,61.997969,57.557924,53.482283,49.746293,46.306911,43.145396,40.210187,37.536042
Sc,21,###,###,###,###,###,###,###,###,###,###,###,###,###,###,###,###,4810.923788,3588.178417,28580.27439,24560.69871,19109.83942,15175.1323,11819.54414,9396.439474,7507.52219,6046.695157,4896.592001,3967.7456,3235.923987,2654.874343,2193.915308,1821.540908,1523.019249,1277.109081,1075.441099,911.214536,775.168052,661.71968,567.461669,489.096774,423.472324,368.218579,321.573824,280.694558,244.804172,213.125128,186.226391,163.279392,143.614747,126.727145,112.147906,99.502779,88.545308,758.101385,680.452085,613.110256,555.075153,503.632778,458.517579,417.038106,380.221619,346.499663,315.804898,288.345579,263.601864,241.361763,221.306759,203.113199,186.679721,171.796964,158.25925,145.935218,134.72633,124.183759,114.410409,105.532511,97.406316,90.022152,83.291599,77.125966,71.487943,66.323716,61.587601,57.239464,53.25286,49.582007,46.207307,43.073468,40.217653
Ti,22,###,###,###,###,###,###,###,###,###,###,###,###,###,###,###,###,5164.922321,3888.780679,2981.842248,23849.84407,20881.71414,16627.24886,13014.1175,10398.93786,8325.134004,6728.126341,5467.377701,4422.79511,3605.272176,2958.97787,2447.837037,2035.431237,1704.889951,1438.466979,1219.63979,1033.889311,880.522348,753.819657,647.590354,558.174545,483.030757,419.801188,366.432088,319.731999,278.793659,242.707599,212.073474,185.943446,163.554298,144.329781,127.734253,113.342339,100.881582,89.959461,80.410419,679.327542,609.978427,550.992289,500.256195,455.374152,415.733794,380.372365,347.941377,318.037627,291.051004,266.712015,244.744119,224.778654,206.732355,190.368221,175.473755,161.905333,149.557129,138.11943,127.63289,118.041062,109.113103,100.98846,93.465963,86.550657,80.224469,74.425506,69.107533,64.225336,59.749271,55.627942,51.8394,48.321414,45.115699
V,23,###,###,###,###,###,###,###,###,###,###,###,###,###,###,###,###,5872.789948,4415.564621,3379.541482,2638.426913,20294.29209,18186.15689,14276.08769,11428.75329,9199.487695,7455.07667,6068.393626,4918.329223,4011.478589,3293.855607,2725.182502,2265.870773,1897.593745,1600.548072,1356.546362,1156.075612,989.781646,847.999852,728.940702,629.692191,546.049665,474.330957,413.825307,360.97731,314.737124,274.065143,239.524014,210.055323,184.802573,163.118536,144.392448,128.142603,114.079464,101.753698,90.9817,81.532134,73.245649,65.900979,549.333631,497.01725,451.387738,412.562156,377.199581,346.019986,317.722838,291.800935,268.316575,246.625831,227.004491,209.145249,192.880756,178.050023,164.545216,152.025017,140.537025,130.069339,120.465768,111.709418,103.664096,96.264494,89.399088,82.95342,77.041214,71.598818,66.605615,62.008311,57.782181,53.858064,50.282655
Cr,24,###,###,###,###,###,###,###,###,###,###,###,###,###,###,###,###,6720.331475,5060.436932,3871.116476,3017.844201,2391.690743,18674.75152,16311.07363,13054.17461,10514.62236,8544.458246,6974.538631,5662.251529,4628.507967,3803.554477,3148.142706,2617.428299,2191.324234,1847.528928,1565.036813,1332.938804,1141.269605,981.762528,847.261022,732.85437,635.306898,553.172826,482.961397,421.344282,367.355811,319.965925,279.716192,245.366006,215.916873,190.623382,168.780657,149.831681,133.418402,119.026855,106.44994,95.41508,85.736892,77.165134,69.682828,62.986229,517.028187,468.91143,426.025598,390.044395,357.632703,328.948118,302.955215,279.187496,257.631945,237.531557,219.207248,202.446625,187.168263,172.9856,159.958368,148.087583,137.202649,127.27446,118.186447,109.830067,102.160547,95.109078,88.619889,82.480141,76.801046,71.558439,66.686068,62.161578,58.035738
Mn,25,###,###,###,###,###,###,###,###,###,###,###,###,###,###,###,###,7675.381067,5755.426777,4385.895153,3405.567729,2687.534997,2170.472189,15733.16821,14164.73936,11427.29183,9307.122987,7620.513733,6232.09022,5105.079565,4204.414183,3481.973275,2895.671785,2424.4823,2043.407656,1730.162615,1472.765722,1260.178265,1083.192634,935.404404,811.535591,706.625287,615.433711,537.884897,470.182586,410.827176,357.971334,313.044164,274.689021,241.801534,213.541752,189.127343,167.937404,149.58008,133.480287,119.406588,107.05501,96.218911,86.619573,78.238438,70.743408,64.152488,58.306771,53.009428,426.767709,387.969242,355.979572,327.160214,301.689136,278.573899,257.525472,238.292919,220.293442,203.788029,188.42528,174.283858,161.394116,149.571259,138.784713,128.9142,119.836773,111.504841,103.845432,96.794281,90.292866,84.309226,78.762343,73.549824,68.699576,64.223049
Fe,26,###,###,###,###,###,###,###,###,###,###,###,###,###,###,###,###,8396.586808,6375.511917,4901.960876,3830.000704,3035.440008,2458.362067,1963.750179,14217.45225,12873.69599,10476.23495,8588.31578,7048.358816,5820.562286,4807.80689,3989.992685,3322.340604,2781.740885,2344.493779,1984.392024,1688.212344,1443.577972,1240.017787,1070.103294,927.737453,807.646486,705.890066,618.785575,541.682426,473.716651,414.220749,362.84062,318.647628,280.540981,247.7904,219.488725,194.915581,173.62933,154.959124,138.628947,124.294585,111.716387,100.574447,90.846546,82.144457,74.49178,67.705852,61.553227,56.115864,51.228024,405.528877,368.938881,338.870472,311.690099,288.280464,266.897155,247.22645,229.230975,212.237684,196.418753,181.974348,168.66063,156.512708,145.393794,135.167076,125.778335,117.144718,109.196302,101.874715,95.137334,88.910045,83.162688,77.805982,72.886853
Co,27,###,###,###,###,###,###,###,###,###,###,###,###,###,###,###,###,8918.797736,6834.244754,5292.242754,4157.318339,3308.538888,2688.042867,2153.273875,1759.880608,12405.62731,11075.46094,9253.530217,7621.443344,6311.741269,5255.488649,4377.810496,3647.737445,3057.202023,2576.358683,2180.660399,1855.085753,1585.989904,1361.991828,1175.007863,1018.35913,886.243896,774.31646,679.261593,596.382897,523.547808,457.992022,401.897223,353.683378,312.017374,275.658045,244.159745,216.812378,193.119362,172.338046,154.161666,138.209007,124.212974,111.813426,100.98747,91.304138,82.789433,75.239379,68.394679,62.346279,56.911484,52.069415,47.709123,43.780845,338.569596,311.336322,286.616574,265.509404,246.538992,228.627156,211.947649,196.648504,182.382424,169.356941,157.33658,146.261049,136.094503,126.747683,118.14301,110.213719,102.916725,96.173197,89.952497,84.154867,78.853397
Ni,28,###,###,###,###,###,###,###,###,###,###,###,###,###,###,###,###,10354.96142,7959.108671,6177.368602,4860.006315,3870.696958,3145.869012,2520.088307,2059.415566,1693.36213,11568.35054,10267.4422,8688.423917,7192.605984,6000.605848,5030.498694,4219.401569,3540.551159,2988.396146,2533.242454,2158.634847,1847.44813,1586.26005,1367.563545,1184.439244,1030.12103,899.446656,788.575945,691.965132,607.63476,533.635646,469.373421,413.620976,364.998004,323.174202,286.976745,255.51472,227.735893,203.200254,181.685611,162.809126,146.252234,131.58588,118.785056,107.343999,97.288718,88.37482,80.297333,73.161853,66.753212,61.045871,55.909477,51.287817,47.115312,43.356188,329.35592,302.967129,279.94729,259.463124,241.262045,224.410639,208.303111,193.584214,179.774215,167.009885,155.328352,144.644049,134.809206,125.751611,117.418041,109.716443,102.60895,95.985533,89.930049
Cu,29,###,###,###,###,###,###,###,###,###,###,###,###,###,###,###,###,10465.1624,8277.349524,6560.592734,5244.032034,4228.653372,3470.549922,2805.834555,2274.492303,1845.524376,1515.029587,10182.00581,8359.698738,7424.891386,6206.569547,5211.028279,4396.621351,3734.176676,3160.45234,2682.993832,2288.81194,1961.864835,1687.889043,1456.188037,1260.453985,1095.534397,956.031309,837.770839,734.822848,645.036016,566.29356,498.866414,440.735983,390.310128,345.599409,306.719098,272.92901,243.631079,217.855179,194.952732,174.76128,156.941244,141.161845,127.393977,115.088992,104.277374,94.698695,86.02087,78.355846,71.473509,65.346331,59.833488,54.874526,50.398546,46.371332,42.70913,39.402981,36.372624,270.056183,248.835241,229.84333,213.394188,198.35975,184.880944,172.506824,161.11436,150.616581,140.916005,131.671804,123.080371,115.122543,107.719542,100.817245,94.481486
Zn,30,###,###,###,###,###,###,###,###,###,###,###,###,###,###,###,###,13257.21441,10102.01108,7785.204222,6085.841303,4818.143577,3894.413756,3101.407544,2521.303934,2063.188108,1704.79129,1413.291119,9226.044037,7445.544294,6939.793229,5773.798483,4847.295367,4098.777435,3481.122417,2967.749506,2542.498659,2188.241886,1881.208195,1623.110084,1406.061662,1221.469352,1064.837613,932.026284,818.577801,716.258445,628.385145,553.157941,488.546435,432.761393,384.478484,342.553568,305.940321,273.818107,244.790269,219.253767,196.863008,177.054708,159.150594,143.552678,129.60317,117.372138,106.516537,96.712903,88.048264,80.278602,73.360812,67.139784,61.547689,56.502484,51.965868,47.842153,44.061986,40.621696,37.356657,34.311756,254.996912,234.684468,216.565505,201.151925,187.203599,174.531895,163.127028,152.590358,142.918134,134.00053,125.672981,117.668331,110.20021,103.337
Ga,31,###,###,###,###,###,###,###,###,###,###,###,###,###,###,###,###,15572.00925,11681.50554,8902.318101,6897.222881,5419.077346,4352.139413,3443.338022,2782.94294,2264.757109,1861.761291,1536.257032,1245.063251,7903.048925,6463.42927,6119.234286,5131.117746,4330.978259,3679.774031,3136.880045,2687.460356,2311.214544,1995.253592,1726.867116,1496.209546,1301.585809,1135.303842,993.73865,872.784184,763.4224,669.532856,589.173085,520.182183,460.656473,409.153231,364.444738,325.406067,291.380373,261.429398,235.029626,211.091886,189.91371,171.151394,154.757259,139.680861,126.474587,114.751959,104.158827,94.803161,86.418215,78.952958,72.241128,66.208986,60.768005,55.875963,51.430187,47.356679,43.650402,40.137463,36.864553,33.904371,31.215175,28.779443,214.154832,197.579412,182.991221,170.511099,159.016043,148.759008,139.382654,130.708295,122.791124,115.380026,108.428398
Ge,32,###,###,###,###,###,###,###,###,###,###,###,###,###,###,###,###,16577.26172,12680.8508,9847.358883,7771.807628,6145.745205,4919.61972,3876.897234,3121.36215,2530.343014,2072.450516,1704.359655,1377.009648,1124.469601,7017.954676,5796.913012,5527.700214,4669.259652,3966.57044,3383.680898,2897.952821,2492.488728,2152.604497,1866.384526,1623.892733,1413.365865,1233.566751,1080.797521,949.089031,830.158529,728.053142,640.60289,565.41723,500.564925,444.468584,395.784447,353.278811,316.247304,283.656237,254.959513,229.681243,207.404335,187.142805,169.157119,153.058594,138.927101,126.135864,114.465033,104.152551,94.91464,86.693029,79.302973,72.662121,66.673641,61.291249,56.401045,51.923977,47.851865,43.997121,40.409198,37.164569,34.218427,31.547842,29.126254,26.914081,83.986564,184.846088,170.926338,159.203536,148.69367,139.040822,130.475918,122.467254,115.174113
As,33,###,###,###,###,###,###,###,###,###,###,###,###,###,###,###,###,18427.93507,13994.10826,10770.60159,8424.665002,6681.214437,5407.975633,4309.348718,3497.434415,2832.272614,2314.046349,1898.186656,1529.707845,1246.269611,1024.682874,6320.045576,5251.641687,5048.060872,4291.321198,3662.031739,3138.545638,2700.683704,2331.223947,2020.329691,1758.049146,1535.635005,1344.626297,1178.226157,1035.515775,906.214278,794.53036,698.977826,616.955149,546.201735,484.908186,431.678283,385.214472,344.743095,309.12442,277.776185,250.168276,225.835385,204.17022,185.201762,167.911537,152.379321,138.538473,126.027758,114.79521,104.611612,95.526906,87.363196,80.030392,73.419327,67.477705,62.080564,57.143838,52.655092,48.412436,44.46787,40.900552,37.661488,34.725129,32.063332,29.631657,27.41532,25.394228,23.545282,174.495206,161.61319,150.051828,140.372441,131.349661,123.251514
Se,34,###,###,###,###,###,###,###,###,###,###,###,###,###,###,###,###,20017.23529,15245.53977,11727.19489,9151.431514,7233.043526,5836.121799,4634.651798,3752.205128,3054.303875,2508.945439,2068.217736,1672.193036,1358.536226,1114.089448,922.7458,5598.717466,4685.796216,4539.260965,3871.162915,3320.89444,2858.377267,2470.182642,2140.380623,1861.835766,1625.410922,1423.999341,1252.071991,1102.869477,966.441311,848.82549,746.670414,658.798756,583.023495,517.490009,460.633357,411.006046,367.71373,329.587464,296.047894,266.5042,240.478539,217.31506,197.039842,178.805646,162.742104,148.333925,134.939438,123.013831,112.295992,102.649445,93.960482,86.052446,78.924533,72.520448,66.704582,61.38956,56.558455,52.000683,47.768913,43.941437,40.465751,37.314558,34.458047,31.848274,29.469774,27.301311,25.315476,23.500082,21.838944,24.505331,149.578347,138.987769,129.752826
Br,35,###,###,###,###,###,###,###,###,###,###,###,###,###,###,###,###,22226.15368,17022.20799,13135.59127,10268.37444,8123.088941,6556.597589,5208.400233,4218.41279,3433.305643,2818.760764,2322.357923,1882.927279,1541.104139,1271.920912,1052.90548,876.091119,3665.792411,4367.258908,4251.332896,3639.737058,3137.523684,2712.078767,2353.707665,2048.635503,1788.851289,1567.341994,1378.07677,1215.582549,1069.734197,940.472406,828.95357,732.313805,647.690334,574.537983,511.104451,455.762784,407.591701,365.222168,327.942394,295.044938,266.085379,240.321653,217.772472,197.504215,179.662783,163.757904,149.321216,136.39999,124.68214,114.032292,104.441494,95.765644,87.936392,80.784945,74.29015,68.360139,62.971802,57.89751,53.192408,48.936321,45.071021,41.566167,38.388531,35.48501,32.838617,30.425853,28.216033,26.196924,24.349412,22.650657,21.09497,19.652467,144.050946
Kr,36,###,###,###,###,###,###,###,###,###,###,###,###,###,###,###,###,23831.2376,18410.2236,14277.54689,11192.15562,8865.155411,7158.779613,5685.781818,4603.287922,3745.34123,3072.562934,2527.341152,2047.61269,1674.537576,1379.743914,1147.347622,960.058163,809.753396,3315.356366,3957.589884,3869.819358,3324.078196,2875.853384,2496.505824,2175.187897,1901.079503,1665.901506,1464.936309,1292.13033,1137.847157,1004.453741,887.60482,784.400492,695.272274,617.329707,548.947492,489.112509,437.010044,391.221001,350.98302,315.591971,284.447999,256.749581,232.471061,210.662331,191.483678,174.391796,158.892909,145.147618,132.77329,121.663794,111.622802,102.378835,94.034604,86.488446,79.628253,73.276851,67.487228,62.047059,57.010943,52.454847,48.316341,44.563395,41.160884,38.051646,35.217401,32.633005,30.265762,28.102652,26.123201,24.303197,22.637621,21.091701,19.685837
Rb,37,###,###,###,###,###,###,###,###,###,###,###,###,###,###,###,###,26333.63341,20289.70995,15733.66497,12340.7047,9779.509821,7900.344792,6276.859718,5082.816419,4135.863311,3393.181522,2789.287865,2256.299638,1843.292484,1518.983757,1262.126733,1055.068724,889.181446,755.39068,1142.641216,3674.069471,3109.230735,3092.439655,2693.778447,2355.395127,2061.188541,1807.787195,1589.862095,1399.952315,1234.485548,1089.604098,964.919187,856.117773,760.089948,675.541165,601.514034,536.301388,479.240452,428.896732,384.539849,345.515849,311.195682,280.720006,254.054541,230.15559,209.09741,190.332437,173.293246,158.211737,144.638831,132.524534,121.598471,111.723869,102.794886,94.569692,87.088439,80.233298,73.993541,68.075143,62.557468,57.565179,53.030166,48.917139,45.187508,41.778904,38.671547,35.838023,33.242272,30.869845,28.698551,26.70199,24.874895,23.178863,21.636877
Sr,38,###,###,###,###,###,###,###,###,###,###,###,###,###,###,###,###,28164.58189,22892.05728,17845.51947,14056.18115,11185.99734,9065.411728,7224.233037,5864.751232,4783.684076,3934.156265,3247.205295,2653.131674,2172.560677,1791.418046,1491.046634,1248.134574,1052.680736,894.909399,764.937696,657.685718,3434.130508,2942.768817,2929.095568,2555.231568,2239.285829,1965.511951,1730.704408,1524.991495,1344.886917,1186.984052,1051.032594,933.509395,831.499192,740.948765,661.12311,590.137887,527.766427,472.622135,423.918128,380.9928,343.155938,309.473706,279.974233,253.545786,230.269111,209.594049,190.818889,174.185232,159.215048,145.841422,133.78606,122.921514,113.097406,104.233139,96.158843,88.658784,81.806937,75.36446,69.394335,63.957124,58.92762,54.365419,50.227819,46.445797,42.997103,39.851139,36.968843,34.33478,31.923871,29.70661,27.676819,25.792435,24.078901
Y,39,###,###,###,###,###,###,###,###,###,###,###,###,###,###,###,###,30104.63756,24667.17209,19583.53814,15473.51455,12328.75232,10006.51775,7983.759288,6484.81599,5290.458602,4350.910806,3590.136744,2936.07006,2420.761143,2000.915576,1663.378073,1391.210631,1173.066089,996.13128,850.51191,730.564979,631.054849,3198.517651,2766.66444,2760.730417,2418.106655,2128.30527,1876.330839,1654.580902,1459.837143,1288.19748,1140.417994,1012.680938,901.814429,805.436546,720.625291,645.092352,577.757322,517.855817,464.682965,417.730718,376.245687,339.40301,307.164577,278.120566,252.52546,229.768658,209.113815,190.843289,174.407717,159.750261,146.534588,134.59444,123.800941,114.079178,105.225436,97.139255,89.773048,82.78427,76.263022,70.342354,64.93194,60.015111,55.467158,51.291757,47.484199,44.010672,40.828213,37.918233,35.254443,32.804726,30.562354,28.480677,26.587874
Zr,40,###,###,###,###,###,###,###,###,###,###,###,###,###,###,###,###,29808.16973,25364.40923,21040.83796,16721.59328,13358.91046,10855.79301,8676.050137,7057.072059,5761.709968,4741.668705,3914.893517,3200.141109,2639.163685,2194.163376,1832.536504,1533.12717,1292.633002,1098.620195,937.885612,805.191153,695.197643,603.154158,2148.622056,2580.664493,2579.700636,2267.643742,2002.703797,1768.501022,1561.533094,1379.160939,1220.992594,1083.9865,965.01835,861.62464,771.308111,692.057119,621.53258,558.617127,501.749542,451.399912,406.768528,366.954134,332.046029,300.756695,273.190663,248.635241,226.329872,206.511714,188.686988,172.790335,158.465331,145.565286,133.903096,123.377447,113.792128,105.037499,97.062887,89.588057,82.673893,76.362514,70.509871,65.189601,60.333575,55.88281,51.788029,47.994887,44.519939,41.343938,38.437126,35.763982,33.316711,31.044997,28.979238
Nb,41,###,###,###,###,###,###,###,###,###,###,###,###,###,###,###,###,27021.28548,26962.09725,21886.9913,18270.65141,14635.79764,11905.81792,9513.64672,7741.986004,6325.791004,5206.916571,4298.754372,3513.816624,2897.185696,2407.448845,2017.691594,1697.678436,1431.935458,1216.054543,1038.502269,891.610148,769.424998,667.215153,581.357031,2028.648841,2435.549306,2153.474904,2152.495509,1903.216134,1684.001638,1487.463206,1317.016019,1169.202755,1040.587445,928.639471,830.838197,745.008631,669.920357,603.293815,543.244359,489.633581,441.6256,398.602292,360.794552,326.750672,296.74662,270.091668,245.888166,224.453173,205.150746,187.848002,172.255716,158.201081,145.49764,134.05137,123.628621,114.114028,105.448365,97.323953,89.807732,82.977119,76.740406,71.06198,65.804872,60.970088,56.543256,52.480557,48.753105,45.286203,42.098077,39.166501,36.482796,33.991855,31.727406
Mo,42,###,###,###,###,###,###,###,###,###,###,###,###,###,###,###,###,25428.42359,26263.95832,22937.67108,19370.94606,15598.33666,12720.54134,10180.82415,8284.81557,6771.588001,5577.303711,4606.805748,3762.464878,3100.630006,2575.873032,2158.597634,1819.705445,1544.531317,1313.911575,1121.935352,963.711705,832.128866,721.632361,628.715219,550.330261,1874.441533,2261.138142,1978.595569,2010.134651,1779.694069,1576.49995,1396.804067,1239.864036,1102.803064,983.799685,879.899007,788.733413,708.871746,638.150191,575.746583,519.944638,469.900214,424.690544,384.793352,348.589922,316.641261,288.173455,262.328516,239.457778,218.878205,200.512933,183.947395,168.942388,155.379658,143.143798,132.002797,121.842067,112.589999,103.918181,95.89712,88.606756,81.947915,75.885074,70.355541,65.281344,60.607561,56.275354,52.299053,48.634656,45.270201,42.16422,39.272073,36.58787,34.147948
Tc,43,###,###,###,###,###,###,###,###,###,###,###,###,###,###,###,###,22883.83041,22912.67252,23375.95669,19348.848,16459.42506,13515.27417,10883.86663,8887.501043,7274.873451,6005.278906,4973.079268,4064.381793,3345.04478,2777.069598,2326.637354,1961.738772,1667.69277,1428.667264,1222.701705,1050.146884,906.826354,786.810714,685.593538,599.96913,527.24687,1761.308308,2125.746191,1867.962066,1895.434712,1678.003106,1488.150643,1322.627986,1177.753461,1051.341788,940.624282,843.048323,757.60998,681.944851,614.993283,555.701443,503.202628,455.457893,413.167368,374.638455,340.585684,309.968791,282.168461,257.540366,235.382858,215.616855,197.799539,181.748165,167.233024,154.083752,142.108859,131.161861,121.188962,111.848624,103.214254,95.369725,88.215186,81.700095,75.756148,70.300761,65.301722,60.713522,56.496765,52.574244,48.962201,45.630009,42.547808,39.684013,37.059623
Ru,44,###,###,###,###,###,###,###,###,###,###,###,###,###,###,###,###,18111.64765,21553.76859,20309.61719,20461.47976,16862.54029,14494.67688,11674.05151,9546.66284,7820.936274,6450.226543,5345.87819,4413.751603,3643.44248,3016.896901,2521.582551,2121.126079,1798.996498,1537.995241,1322.361093,1138.769529,982.715184,851.70659,741.718983,648.760409,569.55857,502.059661,581.25758,1992.629057,1726.740056,1702.871206,1503.225184,1346.982948,1228.469888,1106.830803,994.872657,891.72694,801.124552,720.824492,649.883845,587.086538,531.511058,481.795793,438.039587,397.580042,361.726814,329.494361,300.167397,273.934179,250.335259,229.28476,210.311795,193.220077,177.76614,163.83874,151.152329,139.542308,128.960821,119.02687,109.827268,101.469938,93.848091,86.908169,80.591489,74.79654,69.488818,64.622157,60.1484,56.024548,52.233526,48.729026,45.465666,42.431671,39.653761
Rh,45,###,###,###,###,###,###,###,###,###,###,###,###,###,###,###,###,13974.34822,19224.13151,19932.42634,20133.36766,17803.12939,15468.9189,12521.47546,10259.55453,8426.843839,6961.921614,5774.646558,4777.76452,3974.50525,3304.496138,2757.312593,2314.558948,1958.931536,1671.458714,1434.258801,1238.311048,1072.102954,929.411079,808.605315,706.861972,620.469186,546.471286,483.291847,428.795271,1341.093874,1642.44,1675.791395,1491.608081,1329.994634,1187.908613,1063.186114,953.082648,856.325369,770.530797,694.542222,627.283008,567.761661,514.563251,467.764065,425.388248,387.851786,353.478245,322.196599,294.266788,269.091085,246.45218,226.048023,207.663891,191.042461,176.06905,162.430354,149.976197,138.629759,127.976288,118.10889,109.135676,100.926308,93.452291,86.650885,80.412031,74.703707,69.479733,64.676967,60.262546,56.206496,52.459744,48.992446,45.76583,42.80592
Pd,46,###,###,###,###,###,###,###,###,###,###,###,###,###,###,###,###,6632.802365,13491.45406,17280.42173,17218.36124,18164.15525,15425.5075,13154.95189,10824.03967,8909.321751,7381.628214,6131.538315,5069.982259,4217.280849,3527.79761,2958.983056,2481.853696,2097.381692,1786.868172,1531.029274,1319.918944,1144.720272,995.504056,867.066001,757.26866,664.095913,584.680935,516.597723,455.499298,400.610543,1222.092469,1529.59117,1419.58925,1418.289219,1260.291488,1121.625037,1000.119872,896.004446,804.739513,724.875483,654.510884,592.614404,537.498063,489.071436,445.379039,406.663214,371.632369,339.582856,310.334119,283.951331,260.200607,238.770435,219.346626,201.785599,185.959752,171.545321,158.384701,146.395468,135.146224,124.732368,115.265311,106.615353,98.738709,91.549007,84.949917,78.91178,73.38515,68.304707,63.646834,59.369742,55.421905,51.787603,48.403698,45.301939
Ag,47,###,###,###,###,###,###,###,###,###,###,###,###,###,###,###,###,4366.443899,13120.00062,16956.94681,17526.47611,16688.93341,16310.10108,13459.7328,11606.62823,9576.78523,7941.822061,6606.470854,5473.925763,4558.458071,3814.566367,3212.264406,2713.701287,2290.099214,1946.607854,1664.175435,1431.633604,1238.952759,1077.863039,941.082425,823.480341,721.830448,635.118942,561.128832,494.663589,434.926174,381.124018,1157.713515,1444.593788,1302.149986,1340.955032,1199.644278,1073.00686,962.233843,864.383567,778.718224,702.91566,635.846504,576.138846,523.711737,476.500643,434.722125,397.353115,363.224121,332.516465,304.716835,279.367485,256.479773,235.692667,216.892967,199.877003,184.378057,170.225657,157.333008,145.233037,134.029709,123.850005,114.563184,106.106073,98.396514,91.321271,84.839224,78.892882,73.426927,68.412707,63.80804,59.560406,55.661977,52.03167,48.716567
Cd,48,###,###,###,###,###,###,###,###,###,###,###,###,###,###,###,###,3236.842805,2783.423742,16502.44617,17087.60905,15588.34324,15491.32851,13709.30114,11920.11497,9900.447305,8265.094104,6918.541815,5741.351478,4780.676449,4000.207524,3365.980986,2843.896074,2418.502292,2059.103862,1757.722438,1509.598042,1304.169358,1132.637935,988.736927,866.828933,762.024455,670.464487,592.024216,521.878909,459.035974,402.293996,353.858894,1079.122674,1335.712098,1196.652426,1235.712554,1110.132106,998.974615,899.986042,811.441013,732.920798,663.264513,600.799348,545.782952,496.204699,452.356247,413.16679,377.450207,345.664208,316.915116,290.886453,267.342009,245.79729,226.302755,208.577708,192.42967,177.6546,164.188736,151.547446,139.840877,129.20539,119.504703,110.671604,102.631835,95.255902,88.5034,82.318002,76.631084,71.399516,66.59163,62.155906,58.080728,54.286276,50.826749
In,49,###,###,###,###,###,###,###,###,###,###,###,###,###,###,###,###,4506.267778,3705.814505,22032.53541,19883.8344,17132.39717,14493.08943,14157.05092,12081.12285,10478.15368,8763.8422,7353.668995,6100.517183,5084.593297,4254.402905,3584.132763,3030.736716,2577.903989,2207.450507,1893.999703,1624.911441,1401.20524,1214.727798,1058.478209,926.928711,815.262844,719.337,635.497262,560.049562,492.423873,431.761141,379.758401,335.092497,1039.32101,958.963876,1124.773774,1159.464547,1045.486818,944.677551,855.525621,775.359376,703.023158,637.551426,579.616477,526.860195,480.144086,438.270776,400.127191,366.168618,335.531184,308.102162,283.2862,260.614172,240.087287,221.410076,204.384807,188.708702,174.400216,160.962048,148.513689,137.206121,126.895828,117.508298,108.961818,101.121173,93.946696,87.380239,81.343016,75.803864,70.716166,66.018997,61.690602,57.660372,53.983385
Sn,50,###,###,###,###,###,###,###,###,###,###,###,###,###,###,###,###,4906.368712,4209.789269,3586.551013,25432.4453,19951.08125,16119.54234,12856.83618,12671.47214,10523.29171,9183.383022,7700.962506,6390.122971,5337.394997,4474.291177,3768.102291,3186.985248,2711.411646,2321.142488,1994.659739,1722.450584,1486.316438,1286.579814,1119.240431,978.609765,859.505847,758.131357,671.149714,592.307352,521.000895,456.725208,401.932561,354.842151,314.123032,552.894884,853.497939,1053.737669,969.28456,978.11693,886.360879,804.569913,731.636928,664.761129,605.187495,550.494336,501.975771,458.18913,418.292749,382.702482,350.594454,321.823747,295.831835,272.335317,251.048028,231.59166,213.849526,197.558919,182.692527,168.658269,155.606957,143.750598,132.934965,123.08832,114.128137,105.90923,98.387528,91.500948,85.170073,79.365781,74.035812,69.117856,64.600911,60.394169,56.550629
Sb,51,###,###,###,###,###,###,###,###,###,###,###,###,###,###,###,###,3937.162147,3667.952529,3353.52814,3030.096529,23750.56093,18116.2936,14024.28197,12796.92556,11102.25287,9241.131017,8091.752454,6717.294695,5611.75814,4716.302499,3979.484553,3365.109596,2863.41228,2451.009569,2107.116677,1819.551406,1578.594647,1370.660788,1192.361521,1041.324294,913.624312,805.079502,712.53316,629.867422,555.567161,487.66382,429.25211,379.055635,335.836862,298.343203,265.745151,808.778089,999.124622,887.615365,925.492885,839.454266,764.073782,695.529681,634.627079,577.989974,527.604216,481.787543,440.005874,402.598433,368.838193,338.530103,311.151665,286.39746,263.973913,243.670629,225.147069,208.087145,192.502697,177.811934,164.162807,151.731298,140.306002,129.904991,120.434658,111.747483,103.798317,96.521415,89.832512,83.700201,78.069577,72.87498,68.105289,63.663629,59.612629
Te,52,###,###,###,###,###,###,###,###,###,###,###,###,###,###,###,###,3712.813726,3493.598572,3211.483832,2897.518104,3728.839446,19872.08497,14878.0423,11793.7009,10869.40775,9513.924658,8306.677494,6886.613833,5753.055534,4837.465924,4093.611402,3467.987971,2950.514876,2526.014924,2172.144657,1877.354815,1630.111845,1420.318283,1240.27549,1084.964381,951.038677,837.321361,740.480599,654.455703,577.786683,508.923767,448.698216,396.488489,351.191361,312.160857,278.26556,248.723215,751.322537,928.264866,824.469304,859.094823,780.137869,710.396733,649.196942,592.177371,541.361863,494.790459,452.248707,413.898547,379.268376,348.11394,319.965738,294.478361,271.393158,250.548733,231.530007,214.082873,198.15347,183.135667,169.179283,156.450588,144.713476,134.025412,124.249952,115.274656,107.060947,99.539518,92.626938,86.288126,80.468317,75.100189,70.172082,65.583735,61.399749
I,53,###,###,###,###,###,###,###,###,###,###,###,###,###,###,###,###,4228.032161,3875.829722,3501.523167,3123.767124,2754.462226,22698.85684,16679.38796,12987.4578,10407.58015,9760.47918,8604.477153,7496.286164,6253.128919,5250.606921,4440.952061,3770.434476,3211.146349,2747.472633,2360.549073,2038.380934,1768.972886,1541.62912,1348.754722,1183.879922,1041.323003,916.123891,809.585862,715.079314,631.073286,556.100238,491.67007,435.609915,386.324494,343.370381,306.02177,273.48142,245.140269,734.798637,648.463162,808.583715,841.13904,764.600082,697.581308,637.249718,583.631736,534.070154,488.711208,447.564617,410.357991,376.721547,346.320115,318.745936,293.769638,271.188565,250.58627,231.799054,214.664185,198.515981,183.510875,169.816966,157.18277,145.670123,135.05823,125.29833,116.363313,108.175381,100.651148,93.746241,87.406258,81.559322,76.191887,71.195513,66.640364
Xe,54,###,###,###,###,###,###,###,###,###,###,###,###,###,###,###,###,4916.765773,4374.104806,3864.445792,3393.311656,2961.176441,2590.197297,18140.23021,13900.56483,11016.12727,8932.443712,9027.903617,7525.943248,6593.250883,5520.840251,4658.275572,3951.979554,3373.888774,2890.411328,2480.562009,2138.784397,1853.08258,1612.56513,1409.280074,1236.825068,1089.605615,963.192453,851.264033,751.33287,662.578552,583.556146,516.017833,457.814223,407.379856,362.682228,323.499803,289.013607,259.031449,232.596849,691.899098,611.261886,763.671551,685.111243,721.672902,658.954426,603.339395,553.002206,506.822834,464.624601,426.394335,391.617567,360.16,331.518759,305.573225,282.083311,260.651516,241.098812,223.264492,206.574658,191.145783,177.033227,163.940643,152.00463,141.019436,130.914493,121.621747,113.037719,105.151304,97.922512,91.287942,85.168803,79.544877,74.310988,69.539902
Cs,55,###,###,###,###,###,###,###,###,###,###,###,###,###,###,###,###,6085.375514,5434.966577,4743.000619,4092.223226,3510.422655,3028.073426,2566.123429,15176.04143,11930.12366,9632.953342,9150.629151,8025.770358,6705.731707,5919.969325,5011.832417,4256.349439,3633.280443,3117.169614,2675.402424,2306.489832,1998.207939,1737.753217,1517.229379,1330.21397,1170.777498,1034.406754,917.579777,811.822618,716.375723,630.928503,557.790488,494.858623,440.511268,393.231386,351.703111,314.853267,282.720367,254.291298,228.921451,580.086671,592.140616,739.333864,663.869906,697.30334,637.627861,584.915909,536.549992,492.533985,452.565793,415.958399,382.803391,352.449171,324.945093,299.986733,277.212886,256.416397,237.443621,219.710407,203.332073,188.380488,174.610666,162.045678,150.431883,139.7337,129.885601,120.776188,112.403098,104.669749,97.558231,91.00166,84.98317,79.382699,74.275746
Ba,56,###,###,###,###,###,###,###,###,###,###,###,###,###,###,###,###,6136.511841,5695.788269,5059.242192,4388.757307,3761.461789,3234.902374,2730.304461,2328.033377,12519.66047,10067.81265,8228.706882,7834.353716,6939.682861,5868.518886,5243.371074,4458.587733,3803.10669,3260.35649,2799.528084,2414.524001,2093.022647,1820.73493,1589.096035,1392.162596,1224.424665,1080.946779,958.085284,849.11931,751.693608,662.532923,585.571484,519.154751,461.708852,412.06117,368.822036,331.032747,298.004918,268.681242,242.167775,218.580379,197.591207,559.764671,599.253974,628.485276,659.619605,604.127845,553.648838,508.794341,468.00856,430.551843,396.576547,365.278238,336.907311,311.047074,287.447565,265.878741,246.197768,227.799737,210.805559,195.322438,181.160972,168.23041,156.271167,145.247888,135.098476,125.711973,117.078146,109.047541,101.647872,94.820983,88.531615,82.680288,77.34783
La,57,###,###,###,###,###,###,###,###,###,###,###,###,###,###,###,###,6210.549557,5843.640112,5258.208269,4600.367181,3964.378314,3421.281534,2894.585559,2472.130098,11365.63975,10684.45525,8718.868081,7153.409626,6879.575275,6163.268265,5505.42588,4709.897522,4027.221352,3454.925804,2972.930165,2565.434801,2222.836867,1934.592488,1689.90902,1481.119241,1302.506768,1149.869033,1018.981411,902.84295,799.629613,707.448528,626.024873,555.160243,493.594647,440.30122,393.886919,353.329342,317.97593,286.688183,258.983107,234.194468,211.955582,191.9332,535.645508,484.17235,607.862382,580.978982,585.404136,537.334696,493.758311,454.213651,418.363748,385.483267,355.667618,328.483084,303.666387,280.939331,260.188615,240.76412,222.802935,206.438126,191.468087,177.799419,165.30399,153.806829,143.187527,133.316981,124.232645,115.794817,108.018629,100.826648,94.128212,87.897015,82.218604
Ce,58,###,###,###,###,###,###,###,###,###,###,###,###,###,###,###,###,6686.109913,6210.754073,5600.077587,4921.384862,4249.013551,3666.760601,3097.891586,2640.200013,2252.200774,11905.52373,9507.030978,7724.416141,6909.82069,6588.392085,5570.267579,5008.459431,4299.95679,3695.251219,3180.838031,2747.674837,2382.572674,2072.018275,1809.240537,1586.112781,1394.521541,1230.038704,1089.459228,964.709666,853.819547,754.863188,669.627784,595.072487,529.055462,471.739704,421.782659,378.086696,339.995776,306.325157,276.742152,250.429707,227.010182,205.812064,187.029579,522.706002,468.606855,587.784825,534.493129,566.66396,521.311333,480.252393,442.937902,408.344928,376.959722,348.193744,321.928051,297.830634,275.819869,255.214342,236.160296,218.80192,202.927496,188.433617,175.20344,163.033375,151.82918,141.479873,131.947075,123.070988,114.881506,107.301706,100.234042,93.655379,87.630563
Pr,59,###,###,###,###,###,###,###,###,###,###,###,###,###,###,###,###,6408.002964,6089.090406,5588.335963,4982.08194,4347.415921,3781.388726,3216.542875,2755.359115,2360.053551,2030.34441,10374.87889,8302.306375,6794.971226,6573.824942,5892.7277,5025.324474,4554.432667,3924.36608,3382.513588,2924.288137,2536.769925,2206.745479,1926.472253,1688.676425,1485.760993,1311.013007,1160.981251,1027.881468,909.620346,803.924396,713.024713,634.272312,565.647975,504.506963,450.972355,404.112398,363.250622,327.134593,295.400504,267.347857,242.582514,220.157317,200.301464,182.229486,506.916845,455.067354,570.308787,519.243996,550.226124,506.92716,467.648063,431.675944,398.998128,368.756973,341.125486,315.659267,292.370234,270.55012,250.360002,231.965014,215.138756,199.775596,185.753048,172.854107,161.019379,150.158983,140.147772,130.794771,122.154086,114.158102,106.728894,99.807873,93.44086
Nd,60,###,###,###,###,###,###,###,###,###,###,###,###,###,###,###,###,6521.200533,6173.611493,5674.139585,5080.544167,4455.952442,3887.233356,3316.637827,2847.028566,2443.110551,2104.735784,10800.71519,8803.090096,7234.643559,5987.747305,5811.842909,5231.4463,4702.057049,4077.250553,3520.640325,3047.058159,2646.053553,2304.342931,2011.885815,1763.055694,1551.519507,1369.185115,1212.452858,1076.647454,949.96714,839.584705,744.399773,662.144503,590.738056,528.369552,472.475178,423.273666,380.352743,342.415267,309.056058,279.58222,253.576152,230.363603,209.92921,191.095681,174.375339,481.761398,432.886524,409.15694,497.087665,525.318039,484.280888,447.259784,413.611851,382.621463,354.281228,328.015849,303.955332,281.360882,260.416586,241.319399,223.810562,207.824461,193.231694,179.80819,167.493899,156.196153,145.781832,136.160104,127.291889,119.069718,111.381672,104.215612,97.627361
Pm,61,###,###,###,###,###,###,###,###,###,###,###,###,###,###,###,###,7002.112466,6529.635645,5962.42614,5330.778257,4678.269693,4085.29556,3489.854129,2998.985392,2576.10239,2221.428452,1913.806656,9554.182603,7801.611584,6417.842692,6224.741736,5555.843064,4713.488065,4261.053202,3703.472243,3228.321361,2819.566407,2458.136258,2145.44884,1877.544359,1649.890046,1455.865465,1288.371717,1143.753435,1007.978546,890.466546,788.973244,701.405771,625.504593,559.506277,501.98406,451.43115,406.5166,366.439979,330.479456,298.721641,270.709093,245.782226,223.875639,203.982814,186.332712,170.32901,466.768485,421.425827,382.246268,485.103247,442.519518,472.090803,436.43986,404.031872,374.379578,346.817657,321.541906,297.762561,275.687086,255.531394,236.978894,220.040786,204.577076,190.352755,177.304654,165.3344,154.300873,144.154387,134.812226,126.151405,118.071097,110.535268,103.611047
Sm,62,###,###,###,###,###,###,###,###,###,###,###,###,###,###,###,###,6857.651945,6679.574452,6066.315028,5426.094842,4779.043702,4183.686148,3579.734344,3078.439414,2644.996795,2280.923865,1964.322733,6581.175987,8123.792915,6680.126594,5537.817669,5386.826008,4861.492821,4161.560882,3779.351544,3294.529447,2880.494179,2522.799637,2205.834641,1933.708217,1698.575314,1497.81876,1326.431146,1177.285319,1038.003068,916.613587,812.295374,721.868677,643.500103,575.387436,516.037757,463.903065,418.285614,377.719056,340.914227,308.226189,279.179194,253.341541,230.64458,210.28135,192.230132,175.809071,160.814789,194.565544,396.936691,359.75979,457.967768,417.979045,445.640858,412.750836,382.646082,354.721546,329.11159,304.941098,282.445754,261.896813,242.969142,225.682368,209.829344,195.232658,181.840542,169.549971,158.222129,147.806916,138.218314,129.348335,121.176319,113.547857,106.50425
Eu,63,###,###,###,###,###,###,###,###,###,###,###,###,###,###,###,###,6379.830711,6372.882638,5896.225328,5351.976463,4773.384319,4218.53359,3639.087394,3149.037461,2719.631706,2355.222967,2036.720808,1715.800312,8629.178147,7096.733429,5883.00097,5415.327237,4807.691927,4374.127452,3952.448541,3444.899457,3011.254353,2639.765092,2317.977224,2033.753024,1788.152184,1576.441067,1395.464717,1239.670162,1093.22103,965.95059,855.755719,760.73784,677.943741,605.998716,543.327484,488.285927,440.141944,397.438213,359.552166,325.530608,294.876095,267.507754,243.430449,221.835219,202.711124,185.653551,170.026672,155.821972,143.003669,384.117995,347.780232,443.920861,405.875652,432.307404,400.919066,371.892907,345.257939,320.043872,296.52146,275.035638,255.264094,237.199184,220.565898,205.236255,191.162795,178.232095,166.314931,155.356033,145.26696,135.935809,127.345617,119.32692,111.960425
Gd,64,###,###,###,###,###,###,###,###,###,###,###,###,###,###,###,###,8191.616354,7550.498128,6680.588073,5891.230816,5161.109806,4513.210506,3860.510557,3319.95268,2852.614372,2460.010105,2119.152945,1782.145055,5814.674527,7242.475303,6030.19062,5046.393651,4971.554101,4505.637939,3855.001497,3505.375697,3066.79799,2689.603498,2364.184665,2082.034005,1832.748019,1617.352248,1431.524129,1271.591481,1122.814549,992.399136,879.727114,781.843496,697.019269,622.879895,558.293399,501.588385,451.991317,408.030842,369.242128,334.64947,303.76784,275.672481,250.746016,228.391375,208.605209,191.025654,174.948825,160.512158,147.431649,135.578638,362.62677,329.631453,301.373443,383.86894,386.711825,380.17553,353.129376,327.536509,303.664197,281.817652,261.613451,243.149386,226.13047,210.440189,196.018413,182.738844,170.501518,159.252476,148.898005,139.322105,130.506882,122.278819,114.757748
Tb,65,###,###,###,###,###,###,###,###,###,###,###,###,###,###,###,###,8545.354441,7428.824288,6879.951468,6088.325457,5356.910518,4706.197999,4039.515058,3480.509555,2993.571915,2583.000932,2225.279097,1869.055952,1580.075554,7841.862243,6496.782394,5410.902418,4539.345925,4476.973817,4088.045012,3520.485397,3217.137867,2821.545865,2482.89831,2188.978858,1932.724903,1706.690547,1511.172567,1341.686929,1184.932632,1048.31512,929.346029,826.23662,736.20745,657.997535,589.452081,529.294575,476.699877,430.105803,389.018678,352.59932,320.348578,291.013109,264.973907,241.257191,220.231185,201.539429,184.48688,169.387294,155.682955,143.178496,131.85902,351.328826,318.327851,292.328635,374.905617,344.673577,369.959796,343.630009,319.407391,297.037464,275.819167,256.422974,238.303914,221.562194,206.221036,192.16546,179.218711,167.35951,156.455286,146.372407,137.091733,128.430441,120.51596
Dy,66,###,###,###,###,###,###,###,###,###,###,###,###,###,###,###,###,7906.168542,7039.065569,6652.10215,5987.473164,5342.466391,4749.573877,4122.988589,3580.056559,3098.272686,2686.899123,2323.005239,1948.442338,1647.308644,1398.924989,6797.84615,5661.938284,4750.163683,4702.048457,3982.157181,3653.03983,3170.945935,2910.873205,2559.440729,2258.323324,1996.524991,1766.486243,1565.432139,1390.450574,1227.488374,1086.563847,963.955395,857.264848,764.170731,682.740904,611.731566,549.163358,494.445472,445.973746,403.231674,365.3589,331.832998,301.768724,275.233116,250.661907,228.826535,209.328386,191.543543,175.780009,161.516831,148.703717,137.074332,126.369958,335.971665,306.440588,280.128165,360.043064,330.681206,354.604037,330.196518,307.546944,285.873763,266.041386,247.129913,229.588918,213.602646,199.099059,185.735965,173.45502,162.152693,151.700798,142.075212,133.092475,124.882733
Ho,67,###,###,###,###,###,###,###,###,###,###,###,###,###,###,###,###,7882.768381,7212.349472,6794.211024,6130.284249,5490.914032,4901.180281,4276.045418,3728.085346,3235.73323,2812.292714,2434.833399,2039.787415,1723.70465,1464.555726,4753.711929,5966.397592,5004.89647,4228.26075,4192.959054,3693.669776,3303.847558,3021.452933,2658.054289,2345.187495,2074.906073,1839.571645,1631.950915,1450.803741,1280.737299,1133.383034,1006.648707,895.47368,798.653875,713.862194,639.483033,574.145286,516.830657,466.01294,421.218326,381.538486,346.422772,315.047794,287.399773,262.144915,239.695929,219.195827,200.501251,183.921647,168.941873,155.572655,143.441823,132.318985,122.221514,324.337973,294.377213,270.638352,253.385299,320.94942,341.851022,317.247919,294.708738,274.096567,255.269224,237.925955,221.975403,207.292507,193.738907,181.092469,169.399589,158.569765,148.534967,139.16867,130.589953
Er,68,###,###,###,###,###,###,###,###,###,###,###,###,###,###,###,###,8534.702,7655.055321,7117.294873,6396.490828,5726.804915,5116.851968,4475.538083,3911.642311,3399.290913,2956.082627,2559.06758,2139.508185,1804.895988,1534.386523,1310.894175,6293.25905,5276.986725,4456.709491,3781.985223,3765.711398,3469.280346,3007.929388,2763.882355,2439.673628,2159.29139,1915.251808,1702.55495,1514.388592,1337.624292,1183.82821,1051.042112,936.482052,835.10201,746.82573,669.292051,600.783746,540.702738,487.435113,440.415673,398.778538,361.941648,329.041695,300.060516,273.936045,250.731658,229.427705,209.967261,192.556659,176.823873,162.753472,150.012555,138.503739,128.04662,118.381655,299.663846,285.99297,262.700817,242.259309,311.981863,287.340278,308.165429,286.405718,266.420915,248.006852,231.194527,215.917142,201.81378,188.716274,176.617683,165.396808,154.9405,145.180111,136.237638
Tm,69,###,###,###,###,###,###,###,###,###,###,###,###,###,###,###,###,9471.006748,8318.814201,7324.829735,6781.014903,6049.212667,5397.692103,4720.178491,4129.301857,3590.177066,3121.669783,2700.509787,2251.187639,1894.645518,1607.763645,1374.413872,4415.178086,5568.748706,4702.685764,3990.443598,3988.314984,3413.757298,3159.238077,2759.718407,2547.079416,2253.566153,1999.790004,1778.344251,1584.662932,1400.004377,1239.347531,1100.512638,980.137907,875.769718,782.904404,701.839194,630.271586,567.381416,511.551596,462.044135,418.222273,379.469645,344.864826,314.38953,286.941225,262.584203,240.687554,220.60292,202.277721,185.71932,170.903226,157.490682,145.383316,134.384206,124.348835,115.170412,138.768485,274.014799,253.667191,236.911769,307.179277,283.994351,303.593932,281.413091,260.91398,242.423941,225.955809,210.78316,197.115656,184.592389,172.962572,162.074798,151.908728,142.582661
Yb,70,###,###,###,###,###,###,###,###,###,###,###,###,###,###,###,###,9475.879908,8718.442427,7752.353365,7091.727902,6298.467432,5610.544836,4904.894818,4294.633119,3738.300301,3250.960613,2810.645949,2335.949646,1961.11576,1660.740475,1418.733455,1215.928048,5788.538084,4887.279274,4146.334789,3536.938041,3540.380002,3057.85864,2842.901713,2616.665303,2316.451442,2056.101429,1830.518574,1632.094901,1446.298182,1279.818487,1136.367369,1012.112766,904.118542,809.509841,725.514893,651.842255,586.721289,528.818685,477.6408,432.276606,392.083228,356.207403,324.624595,296.192524,270.975789,248.4694,227.838034,209.141824,192.193415,176.818861,162.902903,150.334535,138.920006,128.640639,119.233983,110.557268,102.584932,264.22533,241.729077,221.719972,230.300712,265.101242,284.242047,265.175058,247.772608,231.768907,216.971613,203.158981,190.370282,178.491864,167.393479,157.022259,147.451659
Lu,71,###,###,###,###,###,###,###,###,###,###,###,###,###,###,###,###,10390.19937,9430.745109,8298.085654,7514.091388,6634.412622,5889.169174,5138.51486,4495.69258,3915.72373,3407.550529,2946.984144,2445.129044,2050.08622,1734.325048,1480.799244,1271.030765,1097.769374,5079.764112,4318.396585,3691.015528,3727.16806,3194.402219,2972.848815,2598.147927,2402.636761,2133.881626,1900.507821,1696.458644,1506.461193,1336.885962,1186.237903,1056.458632,943.583836,845.076141,758.36865,680.973938,613.143984,552.957476,499.410799,451.907237,409.7696,372.159764,339.056498,309.261202,282.843801,259.288125,237.744776,218.527233,201.050581,185.003368,170.471089,157.304418,145.3476,134.560093,124.690522,115.534886,107.141088,99.058886,255.450308,233.225031,214.601277,198.026478,257.565444,238.027202,257.293763,240.670777,225.301155,211.04349,197.860454,185.619831,174.234325,163.585272,153.722975
Hf,72,###,###,###,###,###,###,###,###,###,###,###,###,###,###,###,###,14249.7183,12194.56587,10244.56093,8644.934172,7607.097665,6596.815627,5639.692157,4861.456063,4184.714374,3607.617433,3094.822354,2564.608596,2148.03582,1815.517171,1548.695917,1329.83353,1149.074468,3523.105642,4484.609605,3839.966127,3304.865478,3344.635252,2897.371601,2707.382536,2380.026163,2207.719652,1966.111811,1755.611796,1559.148104,1386.938573,1233.8469,1097.804452,979.986186,877.7217,788.043465,708.390965,637.940783,575.232254,519.481609,470.02143,426.145065,386.883282,352.294012,321.188261,293.622648,269.04797,246.593036,226.640398,208.546786,192.199455,177.343229,163.617251,151.154674,139.907182,129.618807,120.153409,111.48907,103.142034,95.253232,245.692715,225.0991,206.652654,190.888498,249.072017,230.313962,248.265952,232.285913,217.627657,204.099581,191.526176,179.781254,168.795859,158.674963
Ta,73,###,###,###,###,###,###,###,###,###,###,###,###,###,###,###,###,14260.30264,12069.75366,11146.05558,9603.117506,8326.978087,7148.888337,6054.62628,5183.032773,4436.782599,3809.295388,3256.966584,2696.646854,2256.864581,1906.155714,1625.092639,1394.457162,1206.218025,1049.415285,4667.547182,4002.997311,3449.989452,2986.631505,3034.218691,2648.416354,2484.262876,2194.187866,2042.715888,1824.686125,1620.866171,1441.857886,1286.170843,1146.774586,1022.777569,915.196675,821.656681,739.525903,666.233679,600.806419,542.828485,491.209416,445.205985,404.087905,367.88644,335.274121,306.377086,280.637595,257.12651,236.242848,217.338942,200.412661,185.029727,170.874818,158.010395,146.243185,135.478084,125.575089,116.510932,107.844454,99.703169,92.26494,237.72033,217.252006,200.23054,184.993695,176.599936,223.001495,234.651053,226.039684,212.148068,199.203856,186.975111,175.537974,164.992318
W,74,###,###,###,###,###,###,###,###,###,###,###,###,###,###,###,###,14974.15783,12408.58456,11168.02357,9738.291271,8448.291208,7603.750763,6462.81293,5501.383791,4687.085105,4009.272419,3424.076805,2836.060758,2369.751479,1999.248011,1703.100896,1460.880818,1263.333167,1101.170557,962.244293,4158.401576,3587.213341,3107.723051,3181.174526,2759.904978,2420.794506,2277.783783,2114.64949,1889.349867,1678.784176,1494.003084,1332.5028,1191.726817,1064.680756,951.891633,853.911768,767.984086,692.612518,625.557584,565.036718,511.313447,463.621246,420.84297,383.119006,349.045539,318.851999,291.963666,267.412605,245.618917,225.898276,208.251643,192.245255,177.746959,164.555096,152.327878,141.137935,130.818121,121.367185,112.362362,103.924309,96.231246,89.167916,229.595193,210.641445,193.85958,178.964308,166.092794,216.238334,201.664282,219.012992,205.650011,193.188659,181.524142,170.717753
Re,75,###,###,###,###,###,###,###,###,###,###,###,###,###,###,###,###,15771.53547,13079.19714,11676.40786,9931.580023,8681.570119,7753.019559,6682.144203,5788.872985,4924.844606,4206.961465,3595.096652,3004.330732,2508.10476,2113.740932,1798.849931,1541.400421,1331.693552,1159.486247,1014.507187,2917.470869,3733.885443,3236.188278,2816.931599,2884.727784,2526.216346,2379.649453,2102.430156,1958.422052,1740.992378,1549.644875,1382.640393,1236.434217,1108.46958,992.288691,889.271237,799.163657,720.480493,651.033048,588.794931,532.891807,483.381846,438.896985,399.462879,363.956578,332.437073,304.261365,278.639026,255.834379,235.264852,216.803866,200.129613,184.998004,171.294151,158.85076,147.308111,136.580098,126.665537,117.248771,108.445593,100.432605,93.118184,86.441857,121.7602,201.650185,187.469325,174.407189,162.39257,211.33576,197.26514,213.749578,200.66642,188.415405,177.108218
Os,76,###,###,###,###,###,###,###,###,###,###,###,###,###,###,###,###,16367.75766,13664.76156,11407.79371,10294.15826,8935.586556,7740.79786,6793.047861,5884.329827,5096.997353,4369.519814,3730.462745,3137.515608,2629.976545,2214.517516,1882.768481,1611.697137,1391.032952,1209.950998,1058.297374,930.012094,3859.762634,3345.480057,2911.635523,2544.895609,2612.520596,2300.570452,2173.809373,1929.642106,1790.094549,1593.647893,1421.487925,1271.10847,1139.672954,1024.426577,919.224119,825.468316,743.63764,671.433117,607.711422,550.522188,499.306199,453.501223,413.00766,376.105064,343.567596,314.38059,287.812916,264.181359,242.87293,223.76086,206.496548,190.841558,176.665582,163.798928,152.055577,141.133149,130.944743,121.22551,112.110009,103.821581,96.282295,89.399163,83.11802,77.264605,193.494793,180.085728,167.749531,156.347559,145.810331,190.375562,182.531455,193.560431,181.990666
Ir,77,###,###,###,###,###,###,###,###,###,###,###,###,###,###,###,###,17376.31886,14833.25245,12450.98583,11138.8799,9439.43248,8232.244984,7147.256679,6143.414647,5289.012781,4568.836667,3946.855229,3364.235511,2868.905803,2414.031322,2043.150329,1741.631251,1497.35674,1297.911646,1131.646357,992.647671,2744.293517,3507.842285,3050.848788,2664.28995,2741.291555,2403.342596,2125.869659,2011.832127,1781.795409,1657.664925,1479.535562,1322.656897,1184.761338,1064.827101,959.073731,862.201901,776.140148,700.245479,633.315359,574.222467,521.152012,473.392541,431.356391,393.292697,359.11837,328.617071,300.800612,276.012142,253.684863,233.653275,215.575451,199.182696,184.343469,170.885854,158.598915,147.298712,136.815322,126.735371,117.225373,108.568496,100.665585,93.451818,86.899236,80.877521,75.313613,187.798824,174.963689,163.087484,152.15304,142.046995,185.737175,173.753737,188.961184
Pt,78,###,###,###,###,###,###,###,###,###,###,###,###,###,###,###,###,17678.7851,15561.19226,13257.28575,11180.51531,10062.70549,8742.606726,7388.587429,6472.335484,5559.854696,4795.672015,4137.160752,3517.419804,3008.837474,2581.426477,2202.672358,1871.724502,1603.335312,1385.139433,1203.940104,1053.176339,926.793038,2488.131864,3180.300168,2776.685145,2433.213596,2503.414717,2211.541883,1962.798158,1848.403619,1637.52914,1524.88313,1363.837655,1223.856383,1101.61481,993.108903,896.383196,808.024807,728.689455,658.64777,596.763056,542.065087,492.398841,448.49769,408.941756,373.851933,342.092153,313.152039,287.33166,264.029889,243.143373,224.278386,207.193832,191.727768,177.693416,164.888556,153.15726,142.305253,131.901992,122.106459,113.157445,104.899948,97.36398,90.521,84.233729,78.470616,73.185269,181.780138,169.435522,158.084837,147.600533,137.918866,147.623714,169.151368
Au,79,###,###,###,###,###,###,###,###,###,###,###,###,###,###,###,###,17059.36933,15889.81702,13871.74099,11840.78955,10669.55293,9133.974992,7816.319714,6822.25635,5849.566363,5040.107492,4342.779361,3684.83197,3144.905841,2700.427576,2325.301657,1995.614829,1719.539987,1482.900161,1284.978747,1120.841951,983.835634,868.1992,3340.141449,2911.92731,2548.884339,2238.869991,2305.062386,2048.65478,1808.40102,1705.642854,1583.845029,1416.992565,1270.646435,1143.024389,1030.962782,931.081854,842.117007,760.276993,686.888688,622.083662,564.810072,513.684186,468.025167,426.619485,390.083903,357.432819,327.272235,300.351817,275.998741,254.111182,234.357306,216.464166,200.268505,185.580356,172.185598,159.902413,148.55021,137.740725,127.611962,118.340137,109.741777,101.892081,94.716134,88.114298,82.069972,76.544448,71.454988,176.915613,164.916657,153.86509,143.747306,134.328452,125.738869
Hg,80,###,###,###,###,###,###,###,###,###,###,###,###,###,###,###,###,15656.58202,15527.09765,14067.03433,12267.61535,11145.50968,9579.22422,8193.225659,6988.41285,6104.477739,5249.206556,4514.955641,3821.132816,3254.677565,2788.327045,2405.245188,2077.80457,1792.90551,1555.70113,1356.72457,1186.299881,1038.32224,913.887168,808.637133,3038.969299,2655.188516,2328.742026,2049.959678,2117.313023,1870.004919,1767.241256,1565.009509,1457.76037,1306.636475,1174.533845,1059.190384,957.500063,866.88994,785.289466,710.320212,643.064182,583.612783,530.525454,483.904488,441.177592,403.237452,369.343452,338.521123,310.898176,285.79996,263.221276,242.713216,224.13692,207.336382,192.097271,178.201544,165.467037,153.698885,142.508158,132.032544,122.466468,113.671699,105.635443,98.208357,91.359077,85.084605,79.342092,74.048841,69.191996,158.084278,159.240222,148.756483,138.997774,130.098704
Tl,81,###,###,###,###,###,###,###,###,###,###,###,###,###,###,###,###,13997.64386,14287.09241,13645.28401,12295.71858,10736.85942,9876.806623,8378.702588,7261.731148,6341.140926,5454.097207,4691.460967,3957.816886,3363.452978,2875.626498,2475.621072,2140.775678,1857.870884,1611.964422,1403.438785,1228.607646,1081.222551,955.995758,847.594032,2171.507371,2768.892804,2424.514103,2131.344624,2203.11953,1934.008819,1710.229263,1623.104438,1440.134381,1345.028185,1208.143325,1088.445131,983.493578,891.178526,807.9794,733.122177,664.474702,602.838553,547.790728,499.435759,455.826746,416.731003,381.539913,349.551293,321.094534,295.338073,272.125228,251.067202,231.868054,214.430676,198.624828,184.21118,171.013825,158.813942,147.219182,136.370502,126.48511,117.462102,109.213087,101.58346,94.543585,88.075747,82.12574,76.641601,71.608851,66.977281,68.679386,153.510812,143.536078,134.400474
Pb,82,###,###,###,###,###,###,###,###,###,###,###,###,###,###,###,###,13268.25359,13526.56954,13529.83974,12387.26897,10971.07836,9584.738784,8715.355734,7551.777583,6449.498651,5661.87949,4881.427731,4090.65052,3458.217013,2949.533933,2536.324333,2194.965057,1913.687787,1674.465203,1459.59792,1276.18089,1121.748276,990.62541,878.899418,783.299464,1983.965667,2532.920536,2223.604361,1958.612946,2018.520908,1774.134736,1570.125303,1493.243932,1330.224831,1247.809259,1124.899998,1016.242724,920.80071,835.631457,758.707858,689.345033,625.835746,568.215049,517.599668,471.954283,431.654359,395.303607,362.071476,332.514683,305.876203,281.935331,260.187162,240.472434,222.494987,206.142403,191.174525,177.456224,164.771947,152.720038,141.446299,131.175716,121.804711,113.238484,105.394534,98.168585,91.503505,85.330203,79.639703,74.412276,69.60015,65.148315,61.055254,148.718128,139.335602
Bi,83,###,###,###,###,###,###,###,###,###,###,###,###,###,###,###,###,12971.79079,13505.5927,13375.52966,12624.72626,11275.16604,9922.8137,9042.056039,7788.877973,6749.871177,5797.709914,5091.330124,4255.934855,3592.333417,3056.92544,2625.072932,2267.361831,1973.827226,1730.5345,1519.843557,1330.854148,1168.759134,1031.370004,914.29159,814.168181,727.981834,2651.686046,2326.480294,2047.628839,1797.204892,1856.099411,1639.004538,1455.195582,1388.399883,1239.618196,1165.718502,1052.446026,952.924654,864.647783,785.906378,714.715088,650.51804,591.342416,538.553625,490.921917,448.860953,411.254278,376.756696,345.896104,318.091611,293.167763,270.656088,250.102769,231.49648,214.579354,199.077886,184.802056,171.596504,159.035382,147.275876,136.564404,126.793187,117.862183,109.73003,102.24583,95.343525,88.954419,83.062144,77.617786,72.597888,67.954402,63.681877,59.69798,144.949504
Po,84,###,###,###,###,###,###,###,###,###,###,###,###,###,###,###,###,13057.91043,13833.80556,13206.75358,13018.99878,11654.16629,10284.84489,9005.570304,8101.178453,7012.846729,6065.777512,5324.49087,4446.174945,3753.057668,3192.171275,2740.249386,2367.088495,2059.621817,1805.430877,1590.21003,1405.350463,1238.340327,1092.219434,967.796625,861.376402,769.723178,1929.502065,2465.047487,2161.302397,1895.510527,1668.214685,1730.98634,1534.724703,1366.309865,1307.48974,1170.363489,1102.949499,997.431097,904.147618,821.48954,747.875816,681.268215,620.737891,565.970285,515.788699,471.447805,431.785513,395.713198,363.39133,334.077782,307.794072,284.084006,262.601501,243.042938,225.280386,209.052358,194.127259,180.310878,167.130157,154.76354,143.495167,133.201682,123.795167,115.233103,107.354942,100.119134,93.472703,87.339023,81.632118,76.359706,71.482339,66.99503,62.804391,58.969279
At,85,###,###,###,###,###,###,###,###,###,###,###,###,###,###,###,###,12377.99467,13874.73732,13575.25379,13193.90665,12194.03551,10776.48226,9257.710423,8486.430177,7294.598138,6359.753691,5456.053612,4646.887426,3921.426422,3337.540177,2863.41342,2471.915215,2148.980956,1881.794429,1656.624523,1464.627567,1293.440708,1145.368836,1014.620696,902.874993,806.724306,723.42872,1782.935974,2283.106983,1985.220033,1743.334068,1817.447818,1608.279713,1432.996607,1279.814968,1227.690676,1101.752338,1040.747179,942.322586,855.282254,778.106337,709.414654,646.675304,590.741717,538.945861,492.520239,450.999519,413.203461,379.561501,349.087036,321.550369,296.70191,274.189418,253.833713,235.306725,218.343127,202.766019,188.328327,174.550016,161.619606,149.839071,139.080312,129.249331,120.288422,112.041976,104.480059,97.554232,91.162052,85.247906,79.790078,74.730221,70.02842,65.638133,61.62937
Rn,86,###,###,###,###,###,###,###,###,###,###,###,###,###,###,###,###,10409.56083,12917.81502,13193.57559,12193.90423,11971.16649,10609.50521,9133.858024,8357.465915,7204.883596,6272.851102,5417.298331,4595.249282,3885.429648,3306.202066,2835.398063,2446.185336,2126.025829,1859.961349,1635.679458,1446.462042,1285.874796,1147.32666,1020.082518,906.934509,809.651183,725.516741,652.58237,1582.627393,1979.321752,1735.533895,1533.201431,1605.127851,1427.494931,1275.193103,1142.335871,1097.475654,987.652474,933.854118,846.852174,769.756301,701.389581,639.917198,584.760921,534.397285,488.9258,447.696445,410.137171,376.669595,346.482844,319.264958,294.518894,272.100216,251.813678,233.422652,216.629405,201.152914,186.83632,173.184524,160.380025,148.711126,138.048482,128.304266,119.39997,111.201692,103.680989,96.786935,90.425467,84.583566,79.201938,74.207648,69.548474,65.197381,61.218789
Fr,87,###,###,###,###,###,###,###,###,###,###,###,###,###,###,###,###,7825.289064,11876.84564,13289.85318,12736.18287,11297.77242,11101.48385,9551.664715,8208.788683,7495.034523,6475.269749,5658.969027,4719.776529,4058.490989,3449.816885,2959.562105,2551.741659,2216.220475,1938.257759,1702.938772,1504.339144,1335.885687,1191.812734,1068.112518,954.622825,851.892531,762.937293,685.851609,618.529976,1443.984088,1834.253797,1617.828041,1431.369532,1497.261648,1331.65548,1191.108711,1068.63134,1026.954317,940.217457,881.770115,801.337047,729.581284,665.039597,607.961689,555.786063,509.222213,466.773232,427.629924,392.722921,361.225195,332.947424,307.299782,283.878134,262.677289,243.443671,225.906482,209.789069,194.845904,180.599788,167.240224,155.066118,143.942728,133.77781,124.5127,115.985822,108.150799,100.947148,94.300808,88.200436,82.581842,77.375451,72.559487,68.059364,63.92345
Ra,88,###,###,###,###,###,###,###,###,###,###,###,###,###,###,###,###,2505.142205,6252.805099,10251.9553,11978.25953,11648.03982,11316.50837,10266.64627,8833.991902,7545.457468,6887.084631,5940.17424,5143.70376,4399.499241,3792.829269,3229.2803,2767.79109,2388.312738,2076.014504,1814.546705,1595.381799,1410.692402,1253.290308,1118.269011,1001.841765,895.280834,800.089285,717.849601,646.076828,1495.487553,1899.743534,1675.991447,1482.924431,1315.510169,1377.190725,1235.500193,1109.355258,997.885727,959.74866,907.240791,824.537567,750.537085,684.004899,625.246534,571.844172,524.083957,480.99806,441.11136,405.151813,372.667139,343.495227,317.123791,293.108467,271.174442,251.28061,233.139832,216.50797,201.133005,186.448964,172.660147,160.086444,148.570895,138.049861,128.476067,119.668906,111.582646,104.158617,97.308414,91.003815,85.193375,79.815939,74.875059,70.256551,66.003262
Ac,89,###,###,###,###,###,###,###,###,###,###,###,###,###,###,###,###,2772.871562,6730.173887,10750.76667,12362.44544,11914.86532,10622.79884,10392.14947,8950.486957,7658.32802,6997.621641,6046.788148,5270.593952,4515.667129,3899.222245,3329.011656,2858.858468,2469.252438,2146.477981,1875.561123,1648.15889,1456.403259,1293.125605,1152.816476,1032.468264,928.047918,832.594041,747.008442,672.392142,595.37278,1371.925548,1721.53669,1554.763671,1387.00155,1443.731468,1293.636757,1158.661528,1039.918472,944.10688,900.843548,852.788092,776.472964,707.787277,647.094367,591.982663,543.074762,498.7857,458.115315,421.280091,387.472941,357.086142,329.631694,304.730433,282.098054,261.401631,242.534293,225.244705,209.264206,194.019062,179.71454,166.662813,154.691584,143.753005,133.76732,124.575853,116.147749,108.428058,101.304518,94.749161,88.707439,83.113115,77.95952,73.142707,68.727501
Th,90,###,###,###,###,###,###,###,###,###,###,###,###,###,###,###,###,1625.734785,3421.762391,7301.757011,10392.65155,11216.16373,10641.10275,10157.83881,9252.921239,7940.848389,6807.367057,6241.476236,5362.553995,4679.94242,4020.03676,3526.009892,3017.396787,2600.82015,2256.101614,1964.837194,1720.448639,1514.812796,1340.408279,1191.785828,1064.364353,954.178382,858.544018,771.698127,690.10728,614.297132,544.434041,1217.874453,1619.669148,1431.320617,1267.581477,1320.778923,1181.362537,1061.835882,956.620371,890.71964,833.793198,791.890929,722.292594,660.542373,604.451946,554.512632,509.488253,468.12451,430.52016,396.354877,365.23835,337.033429,311.559479,288.385131,267.354696,248.085864,230.307157,214.004057,198.464276,183.891309,170.578446,158.324733,147.128122,136.888669,127.461089,118.817023,110.899214,103.594212,96.893744,90.723489,85.008863,79.739706,74.81476,70.308596
Pa,91,###,###,###,###,###,###,###,###,###,###,###,###,###,###,###,###,1478.29713,2056.989076,4865.325284,8587.024105,10546.50092,10706.96434,9668.790378,9709.862948,8363.156542,7173.480668,6584.283508,5621.332441,4844.411781,4239.034356,3659.299087,3221.41511,2772.188389,2399.855152,2087.21981,1824.805008,1603.818447,1416.023992,1256.238163,1119.770377,1002.210247,900.511273,811.084173,726.317403,646.645767,572.809033,637.400529,1157.02036,1532.072899,1366.596591,1215.09788,1259.22515,1123.270197,1005.054363,904.311227,869.361654,790.108982,751.715029,687.76362,629.810885,578.201486,531.798131,489.167023,450.662681,415.532216,383.02164,353.526911,326.732236,302.361872,280.35724,260.194066,241.523932,224.390802,208.056828,192.737812,178.765564,165.970283,154.27557,143.555196,133.678978,124.611138,116.283815,108.602529,101.559188,95.074624,89.072751,83.555041,78.397573,73.674459
U,92,###,###,###,###,###,###,###,###,###,###,###,###,###,###,###,###,1528.505826,1623.553991,3313.145554,6805.351127,9417.611001,10227.43616,9567.851375,9242.848142,8428.624112,7242.037684,6211.497685,5668.817239,4900.268404,4297.378668,3704.327536,3266.180816,2826.755675,2446.533854,2127.885737,1860.343925,1634.738481,1442.004791,1277.6301,1137.430229,1016.954559,912.625706,822.391087,737.769599,658.224617,582.985589,518.252283,1044.095072,1479.541544,1387.211736,1273.902122,1131.130592,1164.073762,1030.738686,921.034077,826.113936,795.011143,722.202986,688.979005,631.172376,579.726376,533.787929,491.565627,453.579668,418.888908,386.844985,357.655402,330.554862,305.905786,283.635673,263.229591,244.356082,227.040034,210.504071,194.976743,180.83586,167.951349,156.170978,145.340969,135.356494,126.182179,117.745425,109.96349,102.820619,96.243167,90.157257,84.569409,79.346565,74.568254
