L2-M4,NIST-Chantler 2005,,,,,,,,,,,,,,,,,,,,,,,,,,,,,,,,,,,,,,,,,,,,,,,,,,,,,,,,,,,,,,,,,,,,,,,,,,,,,,,,,,,,,,,,,
,Elm,Be,B,C,N,O,F,Ne,Na,Mg,Al,Si,P,S,Cl,Ar,K,Ca,Sc,Ti,V,Cr,Mn,Fe,Co,Ni,Cu,Zn,Ga,Ge,As,Se,Br,Kr,Rb,Sr,Y,Zr,Nb,Mo,Tc,Ru,Rh,Pd,Ag,Cd,In,Sn,Sb,Te,I,Xe,Cs,Ba,La,Ce,Pr,Nd,Pm,Sm,Eu,Gd,Tb,Dy,Ho,Er,Tm,Yb,Lu,Hf,Ta,W,Re,Os,Ir,Pt,Au,Hg,Tl,Pb,Bi,Po,At,Rn,Fr,Ra,Ac,Th,Pa,U
,Z,4,5,6,7,8,9,10,11,12,13,14,15,16,17,18,19,20,21,22,23,24,25,26,27,28,29,30,31,32,33,34,35,36,37,38,39,40,41,42,43,44,45,46,47,48,49,50,51,52,53,54,55,56,57,58,59,60,61,62,63,64,65,66,67,68,69,70,71,72,73,74,75,76,77,78,79,80,81,82,83,84,85,86,87,88,89,90,91,92
,keV,###,###,###,###,###,###,###,###,###,###,###,###,###,###,###,###,0.34418,0.4,0.458,0.5183,0.5814,0.644138,0.7175,0.7907,0.8683,0.9494,1.0347,1.1249,1.2191,1.3174,1.4195,1.5259,1.6383,1.7521,1.8718,1.9959,2.1243,2.2573,2.3948,2.5368,2.6833,2.8344,2.9903,3.1509,3.3165,3.4872,3.6628,3.8435,4.0295,4.2208,4.4183,4.6199,4.8275,5.0421,5.2629,5.4893,5.722,5.9613,6.2058,6.4565,6.7131,6.9766,7.2481,7.5263,7.811,8.1023,8.4019,8.7092,9.023,9.3429,9.6724,10.0098,10.3542,10.708,11.0707,11.4425,11.8238,12.2128,12.6144,13.0235,13.4463,13.876,14.3156,14.7703,15.2359,15.713,16.2024,16.7025,17.22
H,1,###,###,###,###,###,###,###,###,###,###,###,###,###,###,###,###,231.56853,142.389322,91.64703,61.156168,41.930091,29.90468,20.927331,15.155845,11.09593,8.234128,6.172886,4.662847,3.557782,2.739389,2.128986,1.667206,1.310398,1.043374,0.833516,0.669976,0.54178,0.440437,0.359931,0.295621,0.243966,0.202249,0.168352,0.14071,0.118034,0.099351,0.083923,0.071122,0.060454,0.051538,0.044032,0.037762,0.032456,0.027939,0.024102,0.020844,0.018063,0.015682,0.013652,0.011908,0.010409,0.009114,0.007988,0.007014,0.00617,0.005437,0.004796,0.004237,0.003749,0.003324,0.002949,0.00262,0.002331,0.002076,0.00185,0.001651,0.001474,0.001318,0.001179,0.001056,0.000946,0.000848,0.000762,0.000684,0.000615,0.000553,0.000497,0.000448,0.000403
He,2,###,###,###,###,###,###,###,###,###,###,###,###,###,###,###,###,1651.860761,1072.700328,722.088828,500.143993,353.823112,258.764894,185.458152,136.844074,101.802754,76.533987,57.868264,43.897847,33.605305,25.93865,20.193903,15.831458,12.450883,9.914626,7.918217,6.360273,5.138076,4.1715,3.403652,2.790464,2.298211,1.90093,1.578593,1.316139,1.101153,0.924258,0.778484,0.657801,0.557444,0.473739,0.40346,0.344895,0.295459,0.253494,0.217948,0.187839,0.162223,0.14036,0.121762,0.105842,0.092195,0.08044,0.070258,0.061474,0.053887,0.04732,0.041597,0.036615,0.032289,0.028529,0.025223,0.022329,0.019799,0.01757,0.015607,0.013878,0.012351,0.011008,0.009812,0.008759,0.007818,0.006991,0.006258,0.005599,0.005015,0.004494,0.00403,0.003618,0.003247
Li,3,###,###,###,###,###,###,###,###,###,###,###,###,###,###,###,###,4735.241656,3085.35944,2089.926767,1460.014859,1043.731903,772.237582,561.468297,420.709328,318.223961,243.595388,187.420598,144.120046,111.778674,87.485756,69.102678,54.991885,43.929622,35.53014,28.833782,23.539725,19.330001,15.954918,13.23525,11.032103,9.238017,7.768933,6.545929,5.522776,4.664945,3.953775,3.362726,2.86921,2.455371,2.107323,1.812502,1.564651,1.353638,1.17287,1.018375,0.88639,0.773038,0.675398,0.591599,0.51921,0.456627,0.402212,0.354658,0.313257,0.277179,0.245672,0.217966,0.193558,0.172171,0.153215,0.136423,0.12162,0.108591,0.097034,0.08679,0.0777,0.069621,0.062467,0.056052,0.050369,0.045257,0.040731,0.036691,0.033043,0.029781,0.026858,0.024236,0.02189,0.019763
Be,4,###,###,###,###,###,###,###,###,###,###,###,###,###,###,###,###,11134.96881,7411.441833,5108.451183,3619.376037,2618.085413,1955.96113,1436.156181,1085.291073,827.619662,638.430402,495.049325,384.599142,301.644787,238.637247,190.459653,153.096146,123.513357,100.830324,82.580285,68.021424,56.227654,46.520776,38.676999,32.30994,27.113568,22.850409,19.301952,16.334336,13.845087,11.775219,10.048757,8.601999,7.384364,6.356938,5.484026,4.748053,4.119586,3.579653,3.116889,2.720421,2.378999,2.084129,1.830391,1.610633,1.420134,1.25407,1.108554,0.981562,0.87063,0.773521,0.687923,0.612207,0.545699,0.486189,0.433402,0.386819,0.34577,0.309313,0.276965,0.248227,0.222658,0.199998,0.179654,0.161611,0.145364,0.130963,0.118093,0.106462,0.09605,0.086714,0.078328,0.070817,0.064002
B,5,###,###,###,###,###,###,###,###,###,###,###,###,###,###,###,###,20575.0299,13989.03096,9802.928543,7045.200937,5161.605458,3898.139615,2892.816631,2205.075315,1693.938795,1314.929514,1024.721472,798.99286,628.850405,499.185972,399.705448,322.307787,260.831483,213.557503,175.412984,144.89833,120.348653,100.438862,84.226222,70.950735,60.028668,50.994431,43.400619,36.987073,31.558534,27.004237,23.128989,19.845537,17.076456,14.735233,12.741302,11.056041,9.613951,8.372266,7.305697,6.390088,5.599898,4.915908,4.325822,3.813608,3.36865,2.980099,2.639127,2.340961,2.079991,1.851158,1.649107,1.46996,1.312326,1.17054,1.044621,0.933409,0.835298,0.748056,0.67056,0.601642,0.540255,0.485784,0.436827,0.39337,0.3542,0.319445,0.288355,0.26022,0.235009,0.212381,0.192034,0.173795,0.157231
C,6,###,###,###,###,###,###,###,###,###,###,###,###,###,###,###,###,32627.74835,23050.96879,16545.18017,12093.23435,8977.08188,6850.943847,5136.508468,3950.016088,3059.852407,2392.836714,1883.739684,1489.311639,1178.819738,939.527597,755.179431,611.219021,496.456689,407.890975,336.177287,278.61333,232.157675,194.364993,163.492098,138.131192,117.210614,99.85452,85.184766,72.722924,62.123119,53.236821,45.770827,39.469923,34.130429,29.593176,25.71062,22.413962,19.579607,17.128149,15.01312,13.153492,11.539809,10.139454,8.930786,7.880904,6.968315,6.170604,5.469786,4.85643,4.319138,3.847579,3.430825,3.061004,2.735296,2.442671,2.182493,1.952363,1.749118,1.568219,1.407342,1.26408,1.136335,1.022881,0.920801,0.830086,0.748229,0.675521,0.610409,0.551433,0.498533,0.451004,0.408223,0.369825,0.334912
N,7,###,###,###,###,###,###,###,###,###,###,###,###,###,###,###,###,2168.672585,1506.872822,22797.49432,17183.41665,13025.52989,10083.29909,7652.417051,5937.11595,4633.521474,3646.505539,2886.877751,2294.636398,1836.462359,1479.164057,1199.892136,979.073201,799.554203,658.044191,543.058252,450.63356,375.958071,315.143095,265.393113,224.492922,190.707118,162.647796,138.901603,118.703203,101.501347,87.065342,74.926035,64.672017,55.974793,48.576588,42.240353,36.855829,32.223004,28.21246,24.749184,21.760152,19.167186,16.911281,14.956641,13.252106,11.764191,10.458383,9.306599,8.28613,7.38148,6.582113,5.873256,5.244428,4.690259,4.193292,3.750957,3.359305,3.013008,2.70441,2.429664,2.184749,1.966116,1.771659,1.596516,1.44072,1.299994,1.174824,1.062617,0.960916,0.869607,0.787479,0.713477,0.646997,0.586497
O,8,###,###,###,###,###,###,###,###,###,###,###,###,###,###,###,###,3124.375421,2184.760441,1578.619836,1156.776002,16841.26851,13343.95883,10288.15023,8071.961778,6373.186277,5062.062116,4027.65293,3208.829109,2576.550015,2083.740375,1697.900152,1391.973164,1144.585127,951.14489,792.553456,663.785533,557.835538,469.149262,395.666269,335.164015,285.116664,243.496351,208.245459,178.234671,152.644004,131.131293,113.017221,97.694869,84.679309,73.592122,64.083064,55.991085,49.019356,42.97584,37.749945,33.234128,29.311821,25.895397,22.930661,20.341709,18.079635,16.092189,14.337465,12.793667,11.434324,10.235663,9.171256,8.221553,7.38109,6.620033,5.940026,5.3306,4.790119,4.303102,3.869134,3.481854,3.135865,2.827934,2.55037,2.303312,2.079974,1.881219,1.70291,1.541102,1.395702,1.264857,1.146885,1.040817,0.944212
F,9,###,###,###,###,###,###,###,###,###,###,###,###,###,###,###,###,4330.278761,2990.28214,2142.557595,1581.421499,1193.247767,919.013283,12442.73397,9846.136234,7836.669385,6285.802197,5064.897054,4090.052677,3306.198984,2680.920537,2189.020911,1797.636876,1480.152252,1231.306741,1026.963301,860.738301,724.942636,613.20155,520.915419,444.351132,380.555865,325.936029,279.202665,239.361952,205.406619,176.810022,152.682949,132.232915,114.825269,99.971251,87.209045,76.329782,66.94043,58.787527,51.726026,45.61346,40.295446,35.655691,31.6238,28.097811,25.011359,22.295601,19.894636,17.779062,15.91346,14.265958,12.800855,11.489822,10.327825,9.267307,8.319638,7.47766,6.730535,6.062411,5.465506,4.931635,4.453415,4.026738,3.641023,3.292108,2.976326,2.693367,2.439266,2.20852,2.001067,1.814236,1.645685,1.494099,1.355998
Ne,10,###,###,###,###,###,###,###,###,###,###,###,###,###,###,###,###,6884.437576,4693.456143,3315.361575,2411.002733,1793.155671,1377.283785,1043.879709,813.986404,2152.201632,8420.095343,6871.711176,5568.156788,4525.864624,3694.504521,3034.079839,2500.447777,2061.343348,1717.121077,1434.203636,1203.819575,1015.290608,859.861206,731.274721,624.405179,535.186644,460.383312,396.689345,342.216512,295.540102,255.543246,221.141398,191.694962,166.621699,145.20086,126.780034,111.064044,97.487798,85.689068,75.461033,66.600177,58.884998,52.149036,46.289497,41.160473,36.669131,32.713686,29.212773,26.12634,23.403153,20.996024,18.853613,16.934009,15.23132,13.673074,12.279985,11.041793,9.9426,8.958916,8.07979,7.293401,6.588708,5.959693,5.390992,4.883214,4.422823,4.011943,3.642254,3.305818,3.002622,2.728371,2.480146,2.254636,2.0471
Na,11,###,###,###,###,###,###,###,###,###,###,###,###,###,###,###,###,9075.76791,6268.357049,4477.259805,3286.128756,2461.963474,1884.960405,1421.151394,1101.830325,862.50281,683.277428,543.080796,6511.034237,6142.820503,4764.436121,3625.827333,2926.497413,2412.216282,2034.571204,1731.65646,1482.42445,1268.829562,1080.332324,918.78807,784.700416,672.889667,579.180729,499.352008,431.023022,372.41946,322.745986,280.552146,244.555597,213.723708,187.251848,164.365411,144.73512,127.143697,111.798844,98.479742,86.93944,76.888798,68.111514,60.474947,53.788997,47.931617,42.771999,38.204754,34.177295,30.623009,27.48022,24.682265,22.174413,19.949389,17.911621,16.089474,14.469408,13.031059,11.744241,10.593937,9.564553,8.641943,7.818235,7.073384,6.408194,5.804981,5.266608,4.782126,4.34112,3.943613,3.584794,3.26029,2.967634,2.700274
Mg,12,###,###,###,###,###,###,###,###,###,###,###,###,###,###,###,###,12475.47136,8646.730055,6179.44678,4527.920927,3382.162731,2602.225545,1972.331092,1535.418938,1205.954352,957.412513,759.687357,601.248046,480.939998,5215.916181,4766.991628,3992.619118,3254.670904,2682.603311,2243.716705,1893.988998,1610.813667,1377.153978,1182.099652,1017.841612,875.864225,754.986715,651.513895,562.858863,486.747673,422.176898,367.280806,320.411478,280.241122,245.726116,215.862168,190.226696,167.956246,148.489504,131.517635,116.719685,103.638955,91.860633,81.606107,72.622611,64.749141,57.809982,51.664383,46.241943,41.453814,37.218437,33.446078,30.063229,27.060372,24.309254,21.84791,19.658041,17.712862,15.972119,14.415158,13.020601,11.770156,10.653722,9.64365,8.741068,7.922178,7.190942,6.532585,5.933069,5.392433,4.904125,4.462279,4.063654,3.699353
Al,13,###,###,###,###,###,###,###,###,###,###,###,###,###,###,###,###,15921.04043,11092.08372,7964.137011,5860.571207,4392.92292,3389.236444,2575.302034,2008.696437,1580.146208,1256.77394,1001.514173,796.363438,639.51449,518.192789,422.659117,346.161597,3746.339267,3242.592118,2724.740874,2281.645214,1924.967035,1639.485263,1403.934605,1208.048685,1043.372076,903.905624,784.290936,680.45428,589.070809,511.274786,445.095123,388.554053,340.054097,298.35664,262.259279,231.257859,204.309495,180.737168,160.17092,142.245378,126.541659,112.74803,100.676631,90.047512,80.569916,72.135004,64.503054,57.76542,51.812684,46.544438,41.84964,37.63951,33.900408,30.479383,27.416324,24.689424,22.265053,20.092769,18.148452,16.406719,14.843562,13.445876,12.180391,11.049313,10.022283,9.10428,8.277117,7.523344,6.843086,6.228172,5.67133,5.168614,4.70887
Si,14,###,###,###,###,###,###,###,###,###,###,###,###,###,###,###,###,20870.85785,14637.8896,10553.95178,7785.092499,5846.085968,4516.028612,3434.205161,2679.417508,2107.999139,1676.51895,1334.313747,1058.024305,847.400148,685.058902,558.892341,459.409639,379.266552,316.722899,3231.896821,2814.762514,2405.141134,2046.512068,1745.519597,1500.608798,1296.777781,1124.69591,977.07919,849.95032,740.335814,646.695682,565.430234,494.725092,432.893671,379.739464,333.732191,294.227371,259.893819,229.867547,203.675769,180.845962,160.849841,143.291398,127.932368,114.4126,102.500801,91.952404,82.567311,74.248456,66.869387,60.18491,54.163604,48.744452,43.926374,39.525449,35.582032,32.068061,28.941571,26.138529,23.627684,21.376764,19.355069,17.546116,15.906986,14.440102,13.107211,11.915423,10.84081,9.860927,8.975977,8.175447,7.449988,6.794515,6.194587
P,15,###,###,###,###,###,###,###,###,###,###,###,###,###,###,###,###,25117.27267,17765.14516,12879.75634,9541.193606,7184.927439,5557.827911,4230.295873,3301.557539,2596.792805,2063.976305,1640.578073,1298.313281,1037.958889,837.68794,682.399557,560.191531,461.911715,385.349788,322.726363,271.908342,230.402634,2322.561489,2011.184783,1730.940688,1492.270553,1293.110916,1123.887102,978.78148,853.555673,746.483991,654.5418,575.356307,506.987229,447.39568,394.497251,347.775329,307.168061,271.661583,240.696399,213.71266,190.078403,169.322998,151.167274,135.18594,121.109684,108.643833,97.549751,87.71691,78.995633,71.245967,64.312365,58.07786,52.519714,47.356203,42.715049,38.520868,34.786829,31.436921,28.434355,25.740755,23.320058,21.153103,19.188419,17.429496,15.830273,14.399444,13.108528,11.930488,10.865921,9.902431,9.028831,8.239089,7.515888
S,16,###,###,###,###,###,###,###,###,###,###,###,###,###,###,###,###,30749.45343,22005.87275,16085.89988,11983.77449,9063.99667,7036.820843,5372.074745,4199.237669,3306.559003,2629.525021,2089.756617,1652.776413,1320.60854,1065.419514,867.607619,712.046924,587.028971,489.686383,410.102826,345.54786,292.868082,249.511136,213.636003,2049.630256,1785.856558,1551.489254,1349.87384,1177.736116,1029.36726,900.396025,789.819892,694.656024,612.459167,541.258253,479.100487,425.259887,378.097804,335.754565,297.620084,264.382344,235.2564,209.662807,187.263944,167.538562,150.16415,134.771058,121.066804,108.914593,98.130947,88.54254,79.959378,72.238568,65.3525,59.05522,53.389094,48.320059,43.784943,39.652081,35.933273,32.539525,29.488687,26.757074,24.279643,22.060722,20.042652,18.236693,16.606839,15.118712,13.77347,12.555889,11.451708,10.453265,9.538715
Cl,17,###,###,###,###,###,###,###,###,###,###,###,###,###,###,###,###,34317.85805,24802.99228,18289.35565,13720.84915,10434.75017,8132.811939,6231.68511,4885.84948,3855.26961,3069.288292,2447.607939,1943.308033,1554.229125,1254.634716,1022.277702,839.361929,692.255522,577.648796,483.906673,407.828896,345.725796,294.594189,252.283561,217.092603,187.668553,1271.98587,1490.431015,1302.73673,1139.505445,1001.289824,881.193496,776.35225,684.21264,604.460833,534.958631,474.877592,422.316276,376.00384,335.294778,299.502109,267.606885,238.600873,213.204975,190.830808,171.111023,153.634342,138.073536,124.265763,112.004873,101.102544,91.340753,82.553917,74.713639,67.540316,61.083448,55.304651,50.139537,45.487776,41.302195,37.533135,34.129124,31.03011,28.212934,25.642161,23.303394,21.20989,19.319979,17.594212,16.033733,14.620852,13.339144,12.179636,11.117059
Ar,18,###,###,###,###,###,###,###,###,###,###,###,###,###,###,###,###,38223.24367,27674.68882,20501.24967,15448.73873,11788.85226,9210.315257,7070.386285,5549.407637,4382.677921,3490.756145,2783.635518,2216.749797,1782.447339,1443.556576,1176.083307,965.417493,795.997693,663.973909,555.980901,468.344968,396.814493,337.935106,289.225179,248.711921,214.86956,186.407279,161.609662,139.825657,1227.79796,1079.701219,951.037229,839.199691,741.887173,656.468701,581.499217,516.294461,459.051333,408.62574,364.327772,325.444367,291.163361,260.848128,234.025824,210.218915,188.589509,169.383284,152.273428,137.092345,123.613097,111.619411,100.875292,91.203541,82.57103,74.669572,67.554798,61.185141,55.489939,50.359018,45.740715,41.580526,37.826268,34.451571,31.379395,28.618456,26.098018,23.794739,21.70907,19.780771,18.031418,16.446622,15.008376,13.707022,12.514248
K,19,###,###,###,###,###,###,###,###,###,###,###,###,###,###,###,###,41504.20095,34096.71804,25447.12009,19273.24634,14771.91749,11585.09504,8927.771149,7030.905425,5569.862013,4448.357101,3571.012275,2875.760499,2322.865622,1881.654782,1537.851256,1264.829598,1042.01363,868.140815,726.065117,610.891974,516.979391,439.759394,375.948484,322.939432,278.691138,241.516003,209.168218,180.803747,156.012913,135.107258,1162.832846,1023.772516,905.034789,802.519916,712.99979,635.403936,565.841719,504.214614,449.793785,401.884682,359.593667,322.126811,289.134428,259.919112,234.039366,210.93827,190.08534,171.377687,154.585832,139.641118,126.249137,114.1885,103.419584,93.555082,84.669673,76.713392,69.597171,63.18464,57.410667,52.207399,47.510297,43.287665,39.442137,35.984687,32.827279,29.989598,27.418318,25.062575,22.924726,20.947981,19.134495,17.486607,15.969706
Ca,20,###,###,###,###,###,###,###,###,###,###,###,###,###,###,###,###,4372.927174,35263.5821,29547.24958,22497.64063,17318.21716,13635.29695,10557.53781,8343.354264,6627.454574,5307.924527,4269.360381,3439.239156,2790.036766,2278.997422,1871.980984,1540.333372,1273.120712,1063.442077,889.573061,747.743288,632.198969,537.26569,458.880821,393.82246,339.561005,294.014481,254.42499,219.750394,189.479582,163.978785,142.405682,124.065595,108.428271,929.151143,821.153078,730.605723,652.611489,583.780865,523.125409,468.129065,419.268281,375.854286,337.521348,303.52039,273.279944,246.350572,222.24014,200.771478,181.642575,164.386675,148.819341,134.675684,122.023297,110.422918,99.970399,90.611501,82.237324,74.686664,67.885505,61.754523,56.218026,51.239123,46.703299,42.623749,38.896967,35.546866,32.51026,29.726888,27.200046,24.902798,22.810398,20.907628,19.154823
Sc,21,###,###,###,###,###,###,###,###,###,###,###,###,###,###,###,###,4715.745255,3498.724108,27745.62437,23805.35869,18439.42787,14580.24239,11320.14172,8973.041669,7150.522052,5737.509657,4621.670234,3727.515331,3026.019613,2472.372287,2034.573516,1684.609399,1396.821005,1167.115907,978.440014,824.451348,697.266025,592.01177,505.179516,433.172726,373.159013,322.833808,279.159323,240.966651,207.667421,179.640452,155.945826,135.814524,118.64345,103.966061,91.297961,772.341073,685.278411,610.34115,546.181959,490.423833,440.921907,396.408218,356.541473,320.88746,289.105103,260.768566,235.342521,212.656876,192.403308,174.308634,158.040797,143.364894,130.224998,117.912021,106.804253,96.828602,87.900931,79.853221,72.602284,66.064063,60.158177,54.845937,50.005071,45.650411,41.671147,38.092851,34.848479,31.873678,29.172275,26.715729,24.477662,22.444794,20.574369
Ti,22,###,###,###,###,###,###,###,###,###,###,###,###,###,###,###,###,5066.57028,3794.165086,21300.47083,23085.48652,20150.79691,15987.82276,12475.40595,9934.270551,7932.896125,6391.070549,5157.426488,4153.920325,3371.256842,2756.425501,2271.361693,1883.855018,1568.112981,1319.271705,1110.365029,935.960708,793.390417,675.544601,576.596255,494.134832,425.45349,367.873426,317.980151,274.422215,236.490778,204.573378,177.593907,154.674458,135.127367,118.42233,104.012989,91.678752,81.00277,675.946481,599.440709,536.123286,481.085031,433.149843,390.917181,353.416941,318.865213,287.951405,260.121228,235.253521,213.019062,193.130634,175.233333,159.074384,144.596185,131.393667,119.437105,108.477878,98.635564,89.609551,81.47581,74.133947,67.502533,61.537914,56.102899,51.214227,46.747248,42.730682,39.089146,35.750641,32.719168,29.962456,27.450976,25.16976,23.070829
V,23,###,###,###,###,###,###,###,###,###,###,###,###,###,###,###,###,5760.509664,4307.447401,3291.121732,17841.73525,19552.73363,17494.97287,13692.5952,10929.55522,8777.206708,7084.257037,5728.55125,4619.958426,3751.938392,3068.638177,2528.665924,2096.990785,1745.094017,1467.632632,1238.315387,1050.063835,892.865151,759.956048,650.120135,558.587575,480.740628,415.458987,358.997457,309.810661,267.057243,231.065825,200.638497,174.786906,152.737259,133.878674,117.612992,103.693484,91.650015,81.135314,71.981622,479.970591,526.774666,471.374311,424.135715,382.994386,346.884408,314.424817,284.771367,258.008032,233.841651,212.160853,192.61815,174.954449,159.117833,144.657464,131.569365,119.78175,109.18258,99.540179,90.789815,82.629311,75.254794,68.600878,62.538142,57.084821,52.102238,47.622908,43.562081,39.83934,36.459144,33.38558,30.585627,28.0427,25.703263
Cr,24,###,###,###,###,###,###,###,###,###,###,###,###,###,###,###,###,6593.258447,4936.506323,3769.343634,2931.364841,16103.39726,17896.38141,15634.76557,12486.39489,10032.53478,8125.986758,6585.686343,5323.581581,4331.196046,3544.036537,2921.20773,2422.042152,2014.813295,1693.636951,1428.143325,1210.673491,1031.714479,882.715498,756.747089,649.720114,560.521407,484.861631,419.031431,361.616263,311.799248,269.858857,234.385107,204.23476,178.512006,156.521186,137.543735,121.291656,107.230319,94.951663,84.260378,74.968175,66.82644,59.686503,483.086855,432.836379,391.040973,353.985553,321.161768,291.667267,265.149358,240.92774,218.911282,198.945067,181.026301,164.631312,149.787406,136.427216,124.414641,113.530053,103.678977,94.753882,86.634996,79.071038,72.169266,65.882037,60.137015,54.963287,50.272645,45.973391,42.07011,38.52127,35.288606,32.352737,29.651844
Mn,25,###,###,###,###,###,###,###,###,###,###,###,###,###,###,###,###,7527.813916,5612.52508,4268.830957,3306.326263,2598.912466,13696.99252,15045.01864,13550.93001,10909.80102,8855.496528,7214.725442,5864.328211,4779.464471,3919.872482,3231.199657,2679.646329,2228.849882,1872.752799,1578.339538,1337.153738,1138.628225,974.022895,837.057353,722.500325,623.593672,539.982691,467.650424,404.426723,348.860527,302.037762,262.427321,228.750867,200.006474,175.418658,154.194314,136.014225,120.279946,106.536206,94.565514,84.158897,75.041134,67.042852,60.045881,53.880785,427.978282,383.897564,347.309858,315.065351,286.636927,261.084461,237.981856,216.511514,197.149986,179.356923,163.240127,148.728886,135.678016,123.85637,113.153831,103.459541,94.660329,86.702942,79.415071,72.688621,66.525969,60.839834,55.672884,50.922303,46.605455,42.679865,39.10344,35.854939,32.866037
Fe,26,###,###,###,###,###,###,###,###,###,###,###,###,###,###,###,###,8243.171773,6222.796266,4774.573904,3720.572297,2936.935668,2371.200063,12092.76958,13554.22983,12284.39911,9970.243787,8133.799337,6647.91917,5464.608813,4484.174213,3705.07664,3074.6674,2557.262715,2148.328744,1809.694917,1532.150318,1303.762881,1114.503658,957.067965,825.453633,715.010207,621.146709,538.770638,466.523046,403.943609,350.196167,304.44072,265.417119,232.102336,203.591566,178.979593,157.898503,139.642362,123.692382,109.797148,97.718403,87.134532,77.847741,69.724696,62.564329,56.266149,50.672057,394.406958,354.646157,321.159057,292.236191,266.551209,243.106738,221.981681,202.094623,184.053022,167.711983,153.013444,139.695697,127.637001,116.709732,106.791736,97.832696,89.62909,82.212196,75.402494,69.195545,63.542168,58.185717,53.280417,48.812858,44.738745,41.034001,37.621413
Co,27,###,###,###,###,###,###,###,###,###,###,###,###,###,###,###,###,8761.893152,6675.237681,5157.851877,4040.758878,3202.925396,2594.00021,2072.670066,10492.83067,11784.84321,10719.05288,8773.386458,7194.40226,5931.557345,4914.890059,4066.735025,3377.161084,2810.454517,2360.782048,1988.632853,1683.431781,1432.144326,1223.869423,1050.632007,905.833854,784.346589,681.835558,593.287326,515.622992,446.665147,388.113646,338.159264,295.276436,258.197897,226.467676,199.074885,175.609791,155.2896,137.538898,122.077493,108.634879,96.856767,86.523322,77.485468,69.519471,62.513443,56.294417,50.759579,45.840403,350.035815,315.924344,286.217814,261.168901,238.889027,217.935578,198.875029,181.365551,165.589078,151.165461,138.106758,126.276774,115.539506,105.835897,96.951481,88.923749,81.553624,74.897149,68.83405,63.2466,58.148922,53.363017,48.930385,44.898849,41.184543
Ni,28,###,###,###,###,###,###,###,###,###,###,###,###,###,###,###,###,10175.17646,7775.672398,6021.602278,4724.317246,3747.413008,3035.85817,2425.727005,1977.982521,9677.042054,10960.5892,10036.5583,8196.182992,6762.297274,5620.566439,4686.033142,3909.610547,3257.204276,2740.524648,2312.339962,1960.284191,1668.321032,1424.713343,1222.149466,1052.999545,911.153275,791.577147,688.357648,598.704384,520.819627,453.511233,395.506414,345.69076,303.10735,266.632388,234.76595,207.068391,183.02041,162.01623,143.726734,127.826833,113.903631,101.697649,91.026202,81.624573,73.359016,66.025733,59.502428,53.711886,48.568315,43.990527,328.858432,297.690228,270.69691,247.802568,226.923377,207.154463,189.290329,172.661091,157.628708,144.105788,131.834295,120.75183,110.605727,101.433622,93.014011,85.411994,78.48855,72.113281,66.298169,60.985582,56.123569,51.617786,47.387775
Cu,29,###,###,###,###,###,###,###,###,###,###,###,###,###,###,###,###,10306.3498,8103.412729,6406.622032,5105.943392,4100.745395,3354.288441,2703.40145,2178.235554,1764.40157,8763.719522,9486.200132,8406.611156,6993.833223,5815.097891,4863.712272,4094.023448,3441.202911,2900.585273,2450.638975,2080.378085,1773.922099,1517.278451,1300.772868,1119.969439,968.525643,840.971109,730.981096,635.531836,552.658777,482.269935,421.970572,369.790014,324.046991,284.867014,250.997736,221.946853,196.374201,173.907772,154.223557,137.118425,122.143755,109.017486,97.547551,87.446744,78.567614,70.692432,63.68962,57.475365,51.957111,47.05086,42.65004,38.71468,217.202178,256.438637,232.409028,212.221035,194.072031,177.991955,163.369311,150.086621,137.936937,126.518446,116.048539,106.49498,97.719447,89.730478,82.450514,75.717392,69.571779,63.950519,58.804848,54.112257,49.777375
Zn,30,###,###,###,###,###,###,###,###,###,###,###,###,###,###,###,###,13017.30077,9862.618638,7583.682522,5911.534411,4660.708522,3754.642847,2982.29289,2419.157166,1975.736878,1628.318031,7626.323848,8637.589426,7895.593648,6472.589042,5377.337607,4505.957791,3783.264894,3201.892943,2717.219147,2316.918065,1977.958625,1690.639122,1451.224649,1248.822258,1078.817747,935.613481,814.406753,705.628012,613.203024,534.668485,467.767971,410.499414,361.291628,318.875226,282.070403,249.384421,220.836528,195.922091,173.977866,154.559396,137.598863,122.732776,109.745715,98.326482,88.287366,79.396554,71.490921,64.480277,58.259003,52.731214,47.775631,43.272673,39.24149,35.401616,66.321242,233.26592,211.535023,193.382076,176.981985,162.551338,149.404468,137.572397,126.673872,116.343736,106.846854,98.183942,90.28335,82.952976,76.254655,70.113147,64.483815,59.34371,54.589365
Ga,31,###,###,###,###,###,###,###,###,###,###,###,###,###,###,###,###,15280.1112,11391.99378,8663.333405,6693.126586,5236.540635,4191.518506,3307.393444,2667.116488,2166.22655,1776.116207,1449.467262,6432.668893,7380.949472,6846.299795,5697.616395,4765.043169,3997.21601,3384.383158,2872.063147,2447.944384,2094.345124,1798.199157,1543.802778,1330.505245,1150.193,997.564402,868.328212,752.071582,653.313765,569.434748,498.007103,436.911836,384.419732,339.197235,299.957696,266.158037,236.691052,210.077227,186.68785,166.340384,148.32976,132.263048,118.230937,105.901288,95.061219,85.466267,76.935391,69.37217,62.662176,56.701192,51.358478,46.506275,42.163699,38.036011,34.325829,31.024253,28.082142,204.885293,185.677214,169.882156,155.582904,143.137507,131.69642,121.478423,112.044097,103.077642,94.868066,87.235691,80.253844,73.834388,67.940394,62.547395,57.548581
Ge,32,###,###,###,###,###,###,###,###,###,###,###,###,###,###,###,###,16279.78402,12387.81702,9601.811602,7554.389463,5936.093214,4735.096172,3721.223181,2989.078558,2418.215683,1975.456987,1606.652817,1293.587385,5644.653631,6533.897596,6135.533712,5134.773307,4309.500892,3649.518155,3098.106093,2639.618365,2259.264025,1941.659845,1674.059107,1444.8705,1249.660014,1084.942263,944.245238,817.81069,710.427989,619.085524,541.254754,474.703081,417.536199,368.29725,325.581352,288.79951,256.743157,228.617525,203.991429,181.85678,162.289308,145.123341,129.978084,116.380866,104.436905,93.866127,84.471424,76.144289,68.758238,62.1991,56.322177,50.98957,46.21862,41.693403,37.626284,34.009258,30.78296,27.892026,25.296832,184.081451,166.872941,152.898416,140.110438,129.056739,118.865255,109.76914,101.448656,93.440115,86.046559,79.230549,72.96166,67.213664,61.874572
As,33,###,###,###,###,###,###,###,###,###,###,###,###,###,###,###,###,18090.73732,13659.94216,10491.91647,8184.872987,6464.682388,5214.665975,4143.935278,3349.205113,2705.379068,2204.311702,1788.145532,1435.994866,1165.793234,955.642627,5862.810532,5130.115952,4659.29647,3950.125431,3353.631364,2860.485326,2447.287434,2101.852551,1812.281646,1568.776803,1362.024289,1182.72865,1030.25249,892.709459,775.246208,675.500699,590.592987,517.968362,455.459607,401.627757,354.934103,314.752062,279.721927,249.002734,222.122255,198.607097,177.928872,159.208372,142.650648,128.091201,115.108546,103.452907,93.072465,83.875195,75.720489,68.479793,61.99353,56.113774,50.854922,45.879762,41.408148,37.431512,33.884239,30.706675,27.851849,25.292696,22.988746,166.716382,151.262709,138.771536,127.30082,117.358902,108.298749,100.033379,92.480496,85.320882,78.640429,72.503328,66.791799
Se,34,###,###,###,###,###,###,###,###,###,###,###,###,###,###,###,###,19658.42097,14881.79048,11421.56506,8887.47383,6995.025928,5624.605946,4453.902436,3596.509629,2921.262314,2392.811633,1952.192102,1568.419661,1269.637623,1038.093345,857.012524,5179.971087,4307.550414,4173.973847,3548.229852,3026.14305,2592.401866,2226.865582,1919.470706,1660.673566,1442.00786,1256.723007,1097.329136,952.240395,828.400521,721.524269,630.569007,552.802589,486.032601,428.54327,378.627938,335.612817,298.129592,265.257901,236.503974,211.370378,189.271161,169.793167,152.678589,137.161519,123.342901,111.066173,100.041468,90.198613,81.405399,73.600426,66.610807,60.280865,54.621202,49.283657,44.486082,40.21896,36.412136,33.002063,29.938092,27.192367,24.717395,22.502524,20.489603,147.693895,134.259955,123.278505,113.352594,104.503612,96.473887,89.182795,82.514185,76.252272,70.296156
Br,35,###,###,###,###,###,###,###,###,###,###,###,###,###,###,###,###,21838.60089,16621.62943,12796.01242,9973.590791,7856.481243,6319.133931,5005.680736,4043.40993,3283.47902,2687.809175,2192.109809,1770.218114,1443.58276,1186.301172,977.047514,811.441804,4763.938075,4002.09918,3888.81634,3320.172868,2845.891985,2447.722555,2111.860096,1827.553207,1587.158371,1383.204852,1209.606814,1054.282937,917.993495,801.439907,700.782604,613.948486,539.439218,475.312279,419.727606,371.911103,330.261608,293.658195,261.661061,233.698426,209.130167,187.485209,168.481724,151.701871,136.758984,123.324724,111.152072,100.315666,90.662406,81.991148,74.18544,67.1235,60.811316,54.876646,49.541978,44.796548,40.562361,36.768706,33.359659,30.304627,27.550616,25.087482,22.845755,20.83835,19.00853,136.073354,124.140351,113.979401,104.89229,96.781751,89.435037,82.736497,76.550938
Kr,36,###,###,###,###,###,###,###,###,###,###,###,###,###,###,###,###,23431.71188,17986.69732,13913.11992,10873.04863,8575.341586,6899.526479,5464.116381,4412.077886,3581.588976,2928.835664,2384.499012,1924.970794,1567.657785,1287.685128,1067.18375,891.134579,747.411693,4285.677711,3608.206843,3520.778659,3016.087553,2596.38871,2241.649459,1942.150283,1687.022619,1470.39237,1285.758863,1121.741127,981.33146,858.152212,751.198414,659.701533,579.558451,510.263247,450.129264,398.445794,353.479209,314.103404,279.697289,249.624832,223.179412,199.890982,179.470215,161.450695,145.527455,131.35845,118.655542,107.227123,96.940185,87.761643,79.517584,71.948012,65.166182,58.813734,53.103276,48.022452,43.488526,39.426333,35.775476,32.503149,29.552903,26.914003,24.512058,22.362849,20.400195,18.64245,18.718471,121.050888,110.633011,101.658948,93.695143,86.526243,79.993825
Rb,37,###,###,###,###,###,###,###,###,###,###,###,###,###,###,###,###,25885.14076,19821.50694,15333.20515,11989.52266,9460.478461,7614.674894,6032.453687,4871.802061,3955.084672,3234.324458,2630.701035,2119.836217,1725.504315,1417.313535,1173.528822,979.073661,820.582635,695.385163,3816.001009,3307.938017,3242.411802,2797.501874,2426.906335,2105.303183,1830.535551,1595.780198,1392.876547,1217.038864,1064.435672,934.127945,820.410358,721.245464,634.734155,559.355682,493.635293,436.851495,387.295415,343.874307,305.952542,272.896474,243.865585,218.338001,195.918038,176.095306,158.628874,143.095966,129.244392,116.905068,105.905838,95.957969,86.967738,78.801881,71.489619,64.532723,58.275683,52.708097,47.739012,43.285998,39.283374,35.69564,32.460507,29.566023,26.931091,24.573455,22.420146,20.492904,18.746258,17.149547,49.691371,110.507107,101.222038,93.083012,85.87342
Sr,38,###,###,###,###,###,###,###,###,###,###,###,###,###,###,###,###,27718.3129,22376.76307,17398.59124,13663.61286,10827.11569,8741.955544,6946.397009,5624.053199,4577.012638,3752.247674,3073.476217,2495.948918,2034.039091,1672.246732,1387.238985,1158.643306,971.799108,824.219247,701.73711,2604.283105,3095.837355,3045.780986,2631.906914,2286.863671,1990.098013,1737.080802,1517.292462,1325.871741,1159.55448,1017.456905,895.615967,789.970674,697.119713,615.242467,543.524686,481.346144,426.944343,379.183072,337.375475,300.817574,268.705633,240.481099,215.748104,193.908409,174.645264,157.511602,142.220917,128.622134,116.520227,105.729911,96.028454,87.087269,79.056351,71.532935,64.745031,58.570404,53.058495,48.118063,43.676347,39.693047,36.100789,32.887111,29.961112,27.341918,24.949393,22.807419,20.86591,19.092256,17.482509,16.020769,109.870839,100.598965,92.304206
Y,39,###,###,###,###,###,###,###,###,###,###,###,###,###,###,###,###,29692.65185,24394.75237,19101.89223,15043.7117,11935.48248,9651.750304,7677.848119,6218.991215,5062.015265,4149.708303,3396.384557,2767.17696,2272.15374,1867.296725,1546.934968,1291.288678,1082.374538,916.908689,779.852053,667.151354,2432.414584,2885.25045,2845.107255,2468.732537,2154.363772,1883.191258,1646.267955,1439.166068,1258.385026,1103.924059,971.494763,857.442292,758.871818,671.830075,594.857776,527.357202,467.987504,415.7465,369.907878,329.944407,294.793012,263.754343,236.541487,212.509395,191.348537,172.540707,155.782323,140.858982,127.561146,115.720591,105.082471,95.450783,86.812638,78.599406,71.189034,64.547279,58.592203,53.137972,48.23416,43.836118,39.869538,36.318706,33.085886,30.192384,27.54939,25.183487,23.039083,21.079386,19.300728,17.687343,16.218771,14.885788,100.521811
Zr,40,###,###,###,###,###,###,###,###,###,###,###,###,###,###,###,###,29646.9524,24845.16244,20537.99107,16264.33046,12935.82089,10473.21741,8346.438413,6768.94974,5513.719282,4523.257854,3703.146404,3015.607769,2477.941126,2052.584916,1705.03832,1422.948095,1193.166775,1011.21826,859.723858,735.091762,632.037731,2250.874831,2665.918838,2492.817091,2295.621458,2009.896564,1759.667214,1539.577913,1347.467349,1181.862398,1039.786393,917.412682,811.681538,720.131991,639.432906,568.691372,505.285344,449.26569,399.948089,356.711692,318.706271,285.286298,255.944032,230.007496,207.059703,186.661935,168.487565,152.333585,137.966043,125.154579,113.637357,103.209502,93.85819,85.152429,77.278244,70.093703,63.660122,57.851676,52.607046,47.804281,43.473375,39.598462,36.070847,32.912953,30.028751,27.446316,25.105897,22.967795,21.027535,19.267605,17.665752,16.212596,14.877305
Nb,41,###,###,###,###,###,###,###,###,###,###,###,###,###,###,###,###,26896.2975,26483.1628,21388.87763,17778.90759,14176.16912,11486.23768,9151.897236,7427.445547,6054.12934,4967.014927,4066.290073,3311.036164,2719.932162,2253.251972,1881.437565,1576.431613,1321.269275,1119.458441,952.002098,813.772706,699.272626,603.842201,2102.730332,2492.065571,2147.482867,2160.244594,1893.905015,1660.341968,1453.305829,1274.84674,1121.414222,989.056538,874.567813,775.407867,688.863236,613.943306,546.982476,487.338877,434.285202,387.510261,346.292228,309.910066,278.025558,249.87,225.045993,202.946476,183.164952,165.574807,149.923057,135.983837,123.460335,112.127609,101.966006,92.50204,83.952055,76.296541,69.417454,63.109023,57.419689,52.276242,47.621916,43.371766,39.503031,36.040057,32.87762,30.047617,27.483135,25.140223,23.014231,21.085398,19.329728,17.737475,16.274778
Mo,42,###,###,###,###,###,###,###,###,###,###,###,###,###,###,###,###,25498.27231,25910.19197,22445.11154,18866.36355,15116.9636,12276.71145,9794.858714,7948.491028,6481.559756,5321.310613,4356.538631,3544.690497,2910.525573,2410.768037,2013.948579,1693.977453,1426.616778,1209.541081,1028.72474,879.895828,756.34835,653.035509,566.514373,1920.091988,2291.790966,1986.054648,2000.306475,1755.263509,1541.124709,1352.123065,1188.927713,1047.996562,926.355426,821.019014,729.028354,649.32683,579.634835,517.554829,462.23945,412.98962,369.392966,330.660114,296.646675,266.578246,240.090303,216.539056,195.540771,176.814764,160.104452,145.209537,131.822921,119.721231,108.871978,98.772439,89.647672,81.474004,74.142344,67.527109,61.541911,56.05744,51.09683,46.614867,42.526904,38.794969,35.387253,32.338147,29.575387,27.051636,24.761773,22.684365,20.793589,19.079017,17.504147
Tc,43,###,###,###,###,###,###,###,###,###,###,###,###,###,###,###,###,23103.92865,22672.10279,22944.90972,18874.88251,15970.51823,13055.87387,10482.25849,8528.873312,6965.969753,5733.403043,4705.396745,3827.219301,3138.915548,2598.712333,2170.8129,1827.303814,1545.382807,1317.03427,1121.17739,958.813808,824.48241,712.174669,617.633019,538.064848,1000.681172,2134.193116,1858.489835,1869.285443,1640.163095,1441.071785,1268.806978,1119.593816,990.250164,877.602528,779.170536,693.920662,619.164053,553.196736,495.156842,443.060297,396.791125,355.536,319.081709,286.743071,258.221457,232.86522,210.265718,190.170437,172.290354,156.30395,141.915508,128.875695,117.181582,106.309415,96.48804,87.705956,79.827019,72.715315,66.29051,60.48257,55.216474,50.406041,46.016285,42.039014,38.402008,35.093144,32.091473,29.350132,26.863171,24.607752,22.555391,20.694184,18.984524
Ru,44,###,###,###,###,###,###,###,###,###,###,###,###,###,###,###,###,18564.39414,21532.05297,20025.84718,19997.36497,16366.65614,14004.64871,11242.27457,9165.119392,7487.834683,6156.665732,5072.999083,4167.577661,3415.869315,2820.56297,2350.484393,1973.76782,1665.363424,1420.845365,1214.58532,1039.603516,892.780811,770.52194,668.013759,581.321977,508.133321,445.877424,1986.076851,1694.471816,1657.932963,1455.513744,1303.283979,1174.205858,1046.299542,928.254309,824.014432,733.523703,654.30256,584.434783,522.994808,468.978608,420.89001,377.470538,339.091072,305.02371,274.659615,247.653866,223.586346,202.18795,183.150339,166.190435,150.947456,137.116836,124.708215,113.12494,102.661366,93.305631,84.915323,77.361466,70.537462,64.377156,58.795109,53.749416,49.137866,44.926769,41.072853,37.575147,34.399479,31.465246,28.795778,26.375085,24.172563,22.175423,20.34112
Rh,45,###,###,###,###,###,###,###,###,###,###,###,###,###,###,###,###,14410.50951,19403.66302,19754.66988,19753.88913,17335.53381,14964.96167,12065.86374,9853.673417,8073.733551,6646.352329,5481.945183,4515.955827,3740.869586,3088.552025,2568.013678,2151.799117,1811.670787,1542.541464,1318.924946,1132.746142,974.593083,840.206014,727.849273,633.352346,553.127113,485.008751,426.778558,1515.658329,1605.934549,1623.587577,1431.593542,1264.721758,1119.137857,992.075647,880.774195,784.117411,699.274853,624.442648,558.642087,500.854018,449.738474,404.354955,363.714342,327.369455,295.039436,266.207306,240.323963,217.309733,196.833297,178.597319,162.210107,147.375573,134.069106,121.64617,110.419029,100.34207,91.306337,83.173357,75.829267,69.216728,63.22583,57.82855,52.893908,48.419555,44.319744,40.586469,37.192956,34.04805,31.183157,28.567046,26.178307,24.012802,22.024313
Pd,46,###,###,###,###,###,###,###,###,###,###,###,###,###,###,###,###,7988.034975,13930.50498,17367.14964,17041.99311,17747.96648,14950.32993,12689.75794,10400.32982,8539.934038,7050.69231,5819.362194,4792.013854,3969.309443,3306.146327,2756.34262,2305.809755,1938.26716,1647.773753,1406.737852,1208.310642,1042.698083,901.171959,779.929092,677.940876,591.822796,518.448551,453.169769,394.617686,1209.310348,1491.75392,1526.826041,1346.146466,1183.668753,1043.076296,922.07063,819.102381,729.847843,651.557669,583.128957,523.316762,470.476403,423.68288,382.074233,344.957926,311.143496,280.926621,253.769204,229.537914,207.903742,188.631909,171.312553,155.636699,141.576603,128.465604,116.617393,105.999694,96.473639,87.870611,80.102632,73.106924,66.771309,61.080251,55.876841,51.18692,46.886498,42.979022,39.424495,36.133795,33.134079,30.374715,27.845292,25.545205,23.426523
Ag,47,###,###,###,###,###,###,###,###,###,###,###,###,###,###,###,###,4298.478409,13521.89984,17109.12744,17375.08935,17648.15302,15833.67265,13081.62218,11159.8819,9182.317386,7587.961901,6274.48482,5175.554015,4292.076043,3577.410366,3000.323367,2520.948509,2113.995242,1792.978885,1527.205248,1308.851197,1128.390788,977.222188,848.204643,736.947275,642.914757,563.138657,492.125956,428.426675,371.84714,1132.383492,1393.181361,1426.22849,1263.603801,1117.822794,990.176832,879.78622,784.05216,699.714241,625.574025,560.780699,503.61032,453.076387,408.492711,368.893086,333.366943,301.489226,272.500985,246.600099,223.443346,202.75026,184.127781,167.270537,152.151199,138.045843,125.301582,113.902173,103.675625,94.452873,86.120558,78.593536,71.776805,65.649491,60.048369,55.017589,50.403838,46.246225,42.463138,38.948384,35.73992,32.806167,30.122959,27.657462,25.362444
Cd,48,###,###,###,###,###,###,###,###,###,###,###,###,###,###,###,###,3205.176433,2745.835787,16653.80338,16957.92284,15315.89133,15087.451,13276.22904,11478.41102,9507.243863,7910.367039,6574.96393,5428.666601,4500.790017,3751.031563,3143.665854,2649.637506,2234.869949,1895.328352,1611.523541,1378.66891,1186.414793,1026.379208,892.196211,777.891776,678.69609,594.155917,519.211296,452.182054,392.479136,341.97124,1038.912801,1272.064539,1234.996556,1154.637363,1027.135634,915.743252,816.956351,729.596537,652.593167,584.679109,524.674725,471.615756,424.846017,383.340457,346.544707,313.602664,283.830655,257.103599,233.096327,211.571066,192.168894,174.568017,158.776791,144.037256,130.721745,118.814273,108.135115,98.520631,89.836075,82.006586,74.912178,68.514331,62.666026,57.407171,52.584989,48.254023,44.313651,40.687706,37.382519,34.337597,31.541517,28.989156,26.628972
In,49,###,###,###,###,###,###,###,###,###,###,###,###,###,###,###,###,4447.12777,3642.624769,21804.08648,19561.96914,16729.09319,14054.27518,13925.45862,11626.80902,10063.63208,8393.906503,6985.623476,5771.574252,4787.032577,3990.186021,3348.796464,2824.038588,2388.394636,2037.398122,1736.05614,1482.284422,1273.158008,1099.342271,954.019162,831.941831,727.972405,637.783431,557.173787,485.097875,421.265063,366.962885,320.770598,979.386431,1189.581556,1044.892307,1074.156643,960.622195,861.090503,771.910336,691.928657,620.580624,557.197039,500.663776,450.747066,406.420216,367.108967,332.041149,300.66474,272.513782,247.24201,224.565,204.109783,185.428943,168.649733,152.975832,138.817831,126.162039,114.812305,104.591499,95.361478,87.04964,79.520218,72.75091,66.560814,60.975192,55.85337,51.246493,47.055155,43.213458,39.71432,36.512656,33.581093,30.892448,28.394413
Sn,50,###,###,###,###,###,###,###,###,###,###,###,###,###,###,###,###,4858.959985,4149.859439,3519.614475,24664.77735,19287.00842,15545.6385,14051.56014,12201.63376,10101.52348,8794.078172,7315.582707,6046.706062,5031.009247,4196.942896,3520.63701,2969.945696,2511.797434,2143.911184,1834.569899,1572.886471,1349.25445,1162.96006,1007.562856,877.175131,767.255905,673.516127,589.279155,513.237895,445.605364,388.466296,339.687176,297.900547,909.491222,1102.994837,966.021869,994.653022,892.090006,801.097169,720.431685,647.318757,581.980767,523.295789,471.235409,424.883837,383.687899,346.933163,314.024262,284.669598,258.469367,234.878835,213.562877,194.152085,176.715166,160.285155,145.441401,132.165254,120.261192,109.546914,99.871376,91.154251,83.259244,76.167421,69.683204,63.854237,58.507711,53.684628,49.295459,45.265527,41.593788,38.252702,35.201343,32.408443,29.818827
Sb,51,###,###,###,###,###,###,###,###,###,###,###,###,###,###,###,###,3922.391832,3639.775632,3319.41713,2990.707649,22712.19212,17367.95191,13439.01289,12283.28967,10650.46285,9238.743724,7688.131258,6356.42274,5290.176459,4428.572821,3718.457868,3136.044743,2652.504191,2264.292045,1938.049421,1666.228316,1436.753834,1239.364831,1072.388123,932.555601,814.845021,715.048152,626.725294,547.370656,475.907107,414.863121,362.974501,318.561281,280.293373,850.904865,1032.31304,904.362871,931.595045,835.86656,752.486128,677.712314,610.653876,549.756846,495.440728,446.924533,403.634203,364.98106,330.314481,299.391512,271.791024,247.101306,224.847697,204.516287,186.234891,169.05635,153.517476,139.492932,126.917833,115.592287,105.366381,96.155091,87.813713,80.321344,73.471997,67.316885,61.67198,56.598835,51.982533,47.733969,43.860802,40.331476,37.106196,34.171219,31.465988
Te,52,###,###,###,###,###,###,###,###,###,###,###,###,###,###,###,###,3701.283944,3469.152446,3178.633503,2857.534322,16267.94311,18919.59871,14205.91142,11273.78492,10406.79714,9097.474875,7888.263118,6516.254929,5423.617964,4545.307464,3828.643307,3232.018328,2733.37918,2333.886721,1998.782907,1720.072682,1486.487726,1288.053238,1117.561372,970.882764,847.548127,743.111092,651.1992,569.486764,496.975998,433.792897,379.632669,333.18466,293.384523,259.159402,778.32423,792.630301,830.854996,855.284452,768.024399,692.502164,625.074017,563.718317,508.67291,459.324273,414.960543,375.303586,339.668731,307.856927,279.44065,254.070871,231.222613,210.433709,191.744512,174.183951,158.2852,143.878079,130.948786,119.246853,108.681856,99.160917,90.54052,82.795611,75.717097,69.357581,63.526588,58.287561,53.521411,49.150735,45.169399,41.534588,38.209786,35.181477,32.387585
I,53,###,###,###,###,###,###,###,###,###,###,###,###,###,###,###,###,4205.908019,3841.866014,3461.116728,3077.284429,2703.340352,21584.18765,15845.99139,12400.12529,9932.086048,9852.104588,8192.740355,7089.600299,5892.474205,4931.702261,4156.085483,3515.775016,2974.102917,2537.375193,2171.057569,1866.922718,1613.177328,1399.510916,1218.348596,1062.992298,927.379329,812.47872,711.505011,622.038617,543.088954,475.774543,417.277118,366.551325,322.670552,284.993957,252.278147,750.902062,653.379142,804.439607,827.822645,744.992725,671.902604,607.239436,548.85026,496.28495,448.704423,406.077687,367.602396,333.220019,302.476474,275.004119,250.253293,227.874526,207.767626,188.892772,171.791044,156.283193,142.342853,129.617733,118.127983,107.763256,98.379478,89.941415,82.231302,75.304881,68.955766,63.252687,58.065701,53.310339,48.979688,45.037894,41.437698,38.154224,35.120827
Xe,54,###,###,###,###,###,###,###,###,###,###,###,###,###,###,###,###,4879.88386,4326.142913,3812.834749,3337.941235,2902.514173,2528.551248,17229.12938,13231.88077,10495.55088,9729.899659,8585.925649,7133.868839,6207.92669,5180.392907,4357.456089,3688.31888,3126.958077,2668.073263,2279.505062,1956.929373,1688.181424,1462.660777,1272.516634,1111.575032,974.582187,854.322817,747.553637,653.05375,569.846459,499.377254,439.073682,386.872789,341.064809,301.213372,266.5778,236.769569,697.705751,608.101659,749.836642,771.737709,694.930068,627.804712,568.022221,514.568534,465.794126,421.969773,382.186538,346.553334,314.618247,286.052504,260.305134,237.014,216.08669,196.681402,179.078372,163.008186,148.557409,135.387418,123.47204,112.60571,102.771575,93.940789,85.872988,78.615615,71.965181,65.99186,60.560736,55.583008,51.05128,46.928141,43.163658,39.738268,36.581229
Cs,55,###,###,###,###,###,###,###,###,###,###,###,###,###,###,###,###,6047.594344,5370.853896,4671.306804,4016.740453,3432.724866,2949.625213,2492.675991,14422.13715,11346.31971,9161.688778,8674.339039,7584.4837,6563.826559,5561.129229,4691.392534,3972.32753,3369.567695,2877.703891,2458.389742,2110.24989,1819.775876,1575.15173,1368.906299,1194.504688,1046.690692,920.759465,807.764669,706.076459,616.104291,539.765031,474.666489,418.746054,370.392774,327.897846,290.816959,258.811776,230.500548,665.577212,580.770911,716.864709,674.188091,663.846882,600.649136,544.638404,493.754693,447.909794,406.026211,368.383877,334.534214,304.204316,276.8448,252.070793,229.807747,209.208636,190.530286,173.629481,158.408467,144.469989,131.848578,120.317621,109.868292,100.401613,91.755295,83.988777,76.872797,70.476087,64.660883,59.331082,54.479752,50.066314,46.037542,42.372713,38.995952
Ba,56,###,###,###,###,###,###,###,###,###,###,###,###,###,###,###,###,6118.647431,5640.259477,4986.905703,4308.068567,3677.03895,3149.075417,2650.524836,9890.544833,11898.89899,9570.831758,7792.016713,7385.756732,6542.498848,5804.214672,4911.817499,4160.109404,3525.716705,3010.429211,2573.086633,2209.850303,1906.587807,1650.129033,1432.882555,1249.394367,1093.866166,961.42808,845.003722,740.950249,647.057421,566.566265,497.805176,438.823918,388.106784,344.421103,306.33413,273.375747,243.819002,217.576766,423.213277,541.60906,669.103227,594.679269,620.611235,561.958939,510.038983,463.246449,420.383084,381.710131,346.799943,315.41744,287.066125,261.370871,238.277056,216.902968,197.532577,180.15153,164.48582,150.128949,137.120313,125.23928,114.456306,104.606546,95.608627,87.492595,80.058361,73.383226,67.316427,61.753325,56.689958,52.083498,47.879036,44.055375,40.533168
La,57,###,###,###,###,###,###,###,###,###,###,###,###,###,###,###,###,6197.852529,5794.307624,5188.250361,4519.265769,3877.956128,3331.958158,2811.010508,2393.95253,12634.8711,10152.55573,8255.706549,7165.624537,6914.200661,5797.606222,5172.047139,4399.962995,3734.974577,3193.43561,2733.572001,2347.479645,2025.149963,1754.448172,1524.48743,1329.076882,1163.613157,1022.543172,898.455542,788.540443,691.412283,605.795092,532.277633,469.03604,414.589085,367.695834,326.882989,291.641324,260.710405,233.133189,208.548406,282.719712,513.547136,635.121918,569.158066,594.2876,538.667763,488.730617,443.478472,402.747274,366.0652,333.077928,303.265202,276.186755,251.83634,229.247301,208.774476,190.401017,173.864079,158.899231,145.312882,132.819759,121.475198,111.128554,101.665575,93.021687,85.105107,77.996812,71.53727,65.618777,60.233369,55.332319,50.858514,46.789879,43.041967
Ce,58,###,###,###,###,###,###,###,###,###,###,###,###,###,###,###,###,6660.655622,6157.607993,5528.542217,4836.222283,4156.982328,3570.401708,3007.483691,2555.563456,2175.513751,11248.92258,8973.638709,7273.018485,6961.818021,6179.415225,5227.131404,4688.416732,3991.559134,3416.375284,2926.31373,2515.519593,2170.037171,1878.087869,1632.605454,1423.128205,1244.843496,1093.282004,959.994235,841.911722,737.655552,648.560086,570.53501,502.6577,444.08111,393.56135,349.592651,311.63377,278.586593,249.312919,223.418756,200.317516,207.361214,492.082371,605.484862,543.186034,568.051409,516.094365,469.095682,426.510396,387.90654,353.056519,321.503414,292.78938,266.960705,242.996636,221.27947,201.795985,184.263797,168.423968,154.056523,140.958304,129.049972,118.157366,108.186577,99.066103,90.706465,83.123174,76.227495,69.91105,64.164507,58.93836,54.169616,49.831359,45.833752
Pr,59,###,###,###,###,###,###,###,###,###,###,###,###,###,###,###,###,6394.361129,6047.49368,5525.961685,4902.868406,4259.135721,3686.323767,3125.994239,2669.41738,2281.631332,8160.421712,9741.9148,7798.508,6369.952506,6142.374098,5519.376269,4941.544754,4234.192566,3630.845469,3113.382903,2677.984294,2310.933404,2000.125804,1737.878227,1516.125542,1326.744503,1165.06386,1022.854441,896.899653,785.548561,690.567137,608.790307,537.629144,474.879598,420.705695,373.546742,332.829246,297.37861,266.167432,238.782522,214.342501,192.621929,190.061585,470.384492,516.410757,520.633627,544.703508,495.167512,450.571349,410.400471,373.87099,340.678643,310.325519,282.995671,257.604033,234.591096,213.939389,195.355853,178.567584,163.355643,149.611432,137.100442,125.610965,115.087802,105.500597,96.703563,88.651099,81.321643,74.583809,68.448707,62.870166,57.780455,53.152209,48.889272
Nd,60,###,###,###,###,###,###,###,###,###,###,###,###,###,###,###,###,6502.751442,6134.561389,5616.275679,5004.805212,4365.879113,3792.542866,3223.754438,2759.666877,2362.387566,2029.750198,10208.45188,8287.761992,6784.207838,6540.907974,5789.718521,4887.64098,4385.784173,3775.244886,3243.089168,2792.238109,2412.07199,2089.088009,1814.55998,1583.05258,1385.629177,1216.747226,1071.609996,936.702997,820.429084,720.91215,635.591811,562.126307,497.549742,440.694685,391.169277,348.399685,311.135008,278.34241,249.58678,224.382786,201.944196,181.720921,185.126735,440.674063,393.963286,491.371076,512.938682,466.708575,425.354644,387.863808,353.822704,322.506385,294.267016,267.931697,244.05204,222.562554,203.225264,185.75397,169.924252,155.626554,142.626387,130.840859,120.031519,110.110169,101.000101,92.676315,85.094329,78.057825,71.635702,65.795976,60.467932,55.623351,51.161521
Pm,61,###,###,###,###,###,###,###,###,###,###,###,###,###,###,###,###,6972.641572,6482.906738,5899.385165,5251.52637,4584.359117,3986.514929,3392.838576,2907.524918,2491.568993,2142.84456,7354.975173,8977.036591,7300.572847,5984.002401,5768.825066,5162.160323,4378.563326,3960.801819,3424.828165,2968.799961,2573.705117,2228.334474,1932.983178,1683.812174,1473.257839,1292.903092,1138.377544,993.790336,870.045036,763.955011,673.171697,595.108086,527.695464,469.352865,417.910759,372.829777,332.719679,297.385651,266.414037,239.369471,215.419814,194.093236,175.099802,202.830834,422.659212,378.000885,472.10982,492.803796,448.880427,409.514586,373.899645,341.031054,311.360533,283.60891,258.427008,235.656533,215.167438,196.65313,179.879775,164.730916,150.964263,138.551254,127.161971,116.734285,107.152464,98.412559,90.445691,83.032008,76.257316,70.059615,64.387288,59.229613,54.479379
Sm,62,###,###,###,###,###,###,###,###,###,###,###,###,###,###,###,###,6817.657653,6626.232646,6001.104932,5347.786207,4685.159243,4083.871224,3480.785942,2984.833198,2558.256456,2200.190142,1872.19027,9350.678404,7600.971684,6227.614905,5586.802304,4998.834473,4496.025307,4042.856745,3496.129649,3032.930582,2636.120062,2289.998557,1990.154189,1733.59196,1515.814865,1331.081026,1171.761319,1023.355116,895.599971,786.469199,692.712783,612.129691,542.562901,482.383393,429.794665,384.224306,343.207888,306.840531,274.726876,246.696238,221.970347,200.169465,180.705157,163.296157,163.019255,392.158032,350.439232,438.810264,458.416516,418.315622,382.158702,348.86008,318.79015,290.519281,264.850382,241.619777,220.69728,201.697898,184.484704,168.930366,154.796848,142.055895,130.36984,119.823588,110.121113,101.184602,93.029512,85.482737,78.590463,72.235841,66.396325,61.082526,56.184634
Eu,63,###,###,###,###,###,###,###,###,###,###,###,###,###,###,###,###,6353.729783,6333.561418,5842.636388,5283.053691,4687.206383,4123.744851,3543.060128,3056.709135,2633.057033,2274.064839,1943.636597,1631.004705,8074.329177,6616.321342,5463.249376,5305.77445,4748.208476,4043.97811,3652.787052,3169.158295,2757.993369,2404.199195,2093.036627,1825.146113,1595.443389,1400.381092,1233.857977,1077.887562,943.748363,828.612176,729.932287,644.80766,571.336181,507.794719,452.286843,404.204431,361.915837,324.068318,290.177158,260.457179,234.230478,211.115164,190.741923,172.638998,156.215596,168.39564,373.063339,333.695891,419.059084,438.159772,400.412465,365.798294,334.518602,304.964397,278.120163,253.854252,231.978899,212.026269,193.944767,177.580238,162.711256,149.304751,137.009596,125.923678,115.724921,106.433335,97.953427,90.070978,82.860751,76.221103,70.120829,64.539556,59.366654
Gd,64,###,###,###,###,###,###,###,###,###,###,###,###,###,###,###,###,8115.643894,7467.884455,6596.092471,5799.560073,5058.345747,4405.218708,3753.86461,3219.024188,2759.054362,2373.030102,2020.430197,1692.111625,8216.120846,6762.82203,5609.769514,4682.804137,4570.702632,4146.098466,3552.749291,3227.858925,2808.547104,2450.344979,2141.460655,1870.083662,1636.900393,1436.558991,1265.670905,1107.075754,969.818681,851.755245,750.290714,662.873088,587.154827,521.684854,464.50257,414.976159,371.66245,333.177784,299.02828,268.372077,241.221879,217.297931,196.269484,177.614512,160.912431,145.923547,180.734732,346.900077,310.762902,389.440194,391.042017,373.988051,342.220211,312.234547,284.969299,260.172593,237.81074,217.390182,198.875632,182.06944,166.801709,153.041909,140.424072,129.047766,118.583004,109.151501,100.544045,92.489948,85.10916,78.344395,72.141302,66.444547,61.144494
Tb,65,###,###,###,###,###,###,###,###,###,###,###,###,###,###,###,###,8458.858913,7691.279169,6794.672588,5996.650271,5254.139338,4596.579359,3929.769915,3375.540759,2895.800337,2491.8987,2120.418516,1775.852311,1494.996223,7308.902728,6032.170358,5011.239696,4889.88367,4118.742963,3747.671683,3386.806562,2947.226851,2572.136701,2250.125986,1971.632653,1727.000952,1516.503559,1335.438496,1168.586351,1024.263184,900.048272,792.733656,700.188754,620.084412,550.610862,489.965223,437.465181,391.581789,351.063035,315.396277,283.389583,254.897374,229.46753,207.113727,187.288385,169.806097,154.09297,139.784468,203.345128,329.765846,296.608305,374.362544,348.262858,358.525815,328.110716,300.346773,274.30576,250.776756,228.975992,209.246018,191.457105,175.310526,160.819013,147.532651,135.555702,124.540437,114.618659,105.56535,97.179287,89.508072,82.44727,75.957085,70.003444,64.470785
Dy,66,###,###,###,###,###,###,###,###,###,###,###,###,###,###,###,###,7839.320232,6972.279553,6582.144754,5908.217045,5249.633261,4648.085792,4017.275867,3476.816896,3000.801135,2595.021986,2212.759528,1850.512785,1558.083918,5071.045915,6311.806917,5243.84902,4372.18286,4300.062471,3903.211507,3343.719131,3039.367003,2652.137313,2321.567435,2035.738887,1787.543719,1570.881771,1383.934958,1210.44056,1062.153545,933.465677,822.884014,726.663785,643.53342,571.332063,508.247722,453.629863,405.897587,363.761628,326.685877,294.004489,264.824679,238.420152,215.142414,194.467526,176.217122,159.888357,145.22348,131.989567,230.710195,311.344267,279.705253,353.186307,319.789073,338.980198,310.925209,284.327041,260.206868,237.354971,216.723531,198.368018,181.69636,166.675728,152.904195,140.482142,129.058249,118.763786,109.371042,100.727521,92.830312,85.53477,78.815668,72.667973,66.97004
Ho,67,###,###,###,###,###,###,###,###,###,###,###,###,###,###,###,###,8058.094994,7142.732827,6723.524781,6051.697033,5398.726748,4800.530772,4170.165655,3622.925645,3135.553592,2717.467989,2318.498855,1936.593265,1631.750047,1381.226375,6651.839496,5525.480416,4606.276189,4553.816599,3826.400955,3492.76906,3014.84239,2754.401605,2410.102833,2115.724439,1860.830372,1637.637474,1444.08994,1262.972973,1107.819483,975.340778,859.443516,759.887537,672.738807,597.296175,531.303926,474.03833,424.011844,379.865232,341.032535,306.958616,276.677362,249.571509,225.307876,203.576257,184.381292,167.242876,151.940873,138.160647,125.744085,270.114583,293.89746,265.864831,337.021159,304.274183,320.762406,293.100753,268.163065,245.61146,225.131324,206.551688,189.614053,174.079808,159.824197,146.873995,134.961628,124.178332,114.337681,105.269863,96.984281,89.382787,82.40485,75.996591,70.034729
Er,68,###,###,###,###,###,###,###,###,###,###,###,###,###,###,###,###,8447.895465,7572.674829,7038.74394,6313.25851,5631.100108,5012.999023,4366.981547,3802.642343,3294.664214,2856.559324,2435.285516,2030.200532,1707.698773,1446.382644,4659.020826,5827.132522,4855.740059,4089.141548,4041.62322,3430.74882,3148.144633,2863.975241,2507.58521,2201.304737,1937.373403,1708.448923,1507.357439,1319.127383,1157.090325,1018.268506,898.934929,794.435543,704.122647,625.05641,555.873193,495.853808,443.347413,397.022966,356.288449,320.561422,288.943261,260.944184,235.780789,213.186584,193.039282,175.0354,158.932392,144.549395,131.695703,120.01627,312.559262,280.641529,253.380776,321.6256,290.873283,306.467366,280.125479,256.164,234.478088,215.146299,197.529898,181.461005,166.703883,153.20969,140.795836,129.551585,119.289436,109.830933,101.187755,93.286579,86.045246,79.386759,73.184266
Tm,69,###,###,###,###,###,###,###,###,###,###,###,###,###,###,###,###,9363.788908,8218.21839,7235.322367,6688.771229,5946.440045,5287.438688,4606.34469,4015.083902,3479.668517,3016.424995,2567.76862,2134.501079,1791.469312,1516.51402,1291.537666,6149.465509,5124.039408,4314.707957,3644.933908,3614.803034,3315.00863,2862.566297,2617.667731,2297.527405,2022.716572,1784.416128,1577.383381,1380.603814,1211.556296,1066.101405,941.336083,833.017855,738.178709,655.631723,583.272773,520.396708,465.130493,416.375127,373.52355,335.946354,302.706813,273.294813,247.221357,223.968228,202.785657,183.835883,166.880218,151.743136,138.22221,126.046376,115.02189,296.279393,264.072582,242.939763,310.726031,282.300148,296.721373,269.984615,245.967627,225.125762,206.233915,189.606647,174.323363,160.272261,147.341252,135.598943,124.878492,114.980546,105.931917,97.659994,90.078841,83.138369,76.701982
Yb,70,###,###,###,###,###,###,###,###,###,###,###,###,###,###,###,###,10212.86954,8799.571482,7649.230578,6990.003985,6188.979913,5495.314603,4786.82884,4176.900473,3623.47903,3141.26783,2670.155027,2213.08145,1852.917831,1565.45778,1332.385755,1140.261734,5325.69162,4483.56335,3786.882099,3767.79518,3206.855913,2954.258107,2569.940408,2361.707406,2079.573836,1836.738615,1624.696518,1426.49224,1250.931991,1100.945449,971.961385,860.787826,763.029125,677.952332,603.211122,537.976499,480.831296,430.360469,385.917351,346.963771,312.521716,282.060659,255.186004,231.2788,209.660324,190.238785,172.644858,156.936045,142.902583,130.379638,119.081711,108.738221,278.690759,249.770872,224.424295,257.613594,258.712022,273.561921,251.209,230.960732,212.465624,195.491776,179.878346,165.555182,152.359789,140.231889,129.148832,118.887485,109.501994,100.909843,93.031238,85.837251,79.183513
Lu,71,###,###,###,###,###,###,###,###,###,###,###,###,###,###,###,###,10251.26828,9295.085784,8180.698649,7400.12747,6514.786341,5765.761914,5013.528554,4372.641919,3796.154245,3293.085039,2798.339925,2315.50867,1936.227504,1634.407835,1392.224362,1191.962882,3690.982397,4665.097101,3948.539727,3359.624461,3354.025497,2886.312084,2672.813637,2449.256173,2158.216897,1906.905715,1688.82237,1486.514989,1306.493075,1149.178351,1014.689765,898.302513,797.488428,708.398103,630.267063,562.509334,502.748866,449.898138,403.30657,362.47006,326.372477,294.455168,266.31726,241.300107,219.060542,199.010604,180.646198,164.220035,149.519261,136.384928,124.530776,113.613399,103.759372,264.482502,236.14476,213.279488,211.189221,246.643238,260.881127,239.831337,220.63294,203.140685,187.041474,172.34747,158.794737,146.251257,134.775758,124.103549,114.329905,105.372218,97.153286,89.642625,82.690379
Hf,72,###,###,###,###,###,###,###,###,###,###,###,###,###,###,###,###,14029.58393,11976.16154,10058.06743,8477.02106,7440.544258,6435.519391,5486.026298,4715.753914,4048.200425,3478.309093,2937.575954,2427.862725,2028.158995,1710.270368,1455.501295,1248.085114,1072.588821,4840.330791,4104.669943,3498.845759,3516.172969,3011.603966,2789.417898,2427.566524,2232.859895,1972.717075,1747.748151,1538.469344,1356.983481,1194.899986,1053.916501,932.88052,828.383799,736.625123,655.784154,585.180729,522.95692,467.929315,419.415812,376.756828,339.0494,305.737306,276.380015,250.289549,227.194083,206.470051,187.756317,170.826339,155.502547,141.809678,129.4523,118.170434,107.996895,98.085611,249.071755,223.651519,201.52151,183.071532,233.998438,247.38286,227.465403,209.51854,192.992685,177.834816,163.85396,151.058974,139.352084,128.3834,118.31692,109.070852,100.577316,92.81043,85.616014
Ta,73,###,###,###,###,###,###,###,###,###,###,###,###,###,###,###,###,14095.65383,11901.24451,10991.18524,9403.529095,8131.249506,6963.003151,5880.977436,5021.717655,4287.501455,3669.791127,3090.810299,2552.236775,2130.290632,1795.332932,1526.878269,1308.526776,1126.500578,3374.065554,4276.291361,3650.620446,3132.062905,3160.805162,2727.312585,2536.989574,2219.730599,2049.528606,1816.544896,1599.423816,1410.664115,1247.055414,1100.639456,973.203294,863.433227,768.650272,684.856127,611.167995,546.443435,489.015533,438.1519,393.488712,354.004192,319.075234,288.316231,260.996283,236.822274,215.189169,195.810523,178.3109,162.499864,148.233929,135.303868,123.500549,112.857809,102.62331,93.340753,236.108814,211.642999,191.729221,174.119796,222.17256,236.143783,217.713907,200.730836,184.948574,170.393118,157.048065,144.839142,133.438865,122.984504,113.37643,104.547647,96.477802,89.006185
W,74,###,###,###,###,###,###,###,###,###,###,###,###,###,###,###,###,14783.84815,12208.8241,10985.17988,9567.913714,8278.125115,7413.828928,6271.670816,5324.439741,4525.137933,3859.698933,3254.599597,2682.757457,2235.944008,1882.301729,1599.864827,1370.68888,1180.441976,1025.911704,3866.840161,3794.671642,3258.309744,2810.029709,2843.486972,2470.793691,2305.9854,2121.728731,1880.970748,1656.656283,1461.63985,1292.433273,1144.854798,1012.725625,897.652851,798.447509,711.645476,636.280117,568.80973,509.039474,456.306404,409.797797,368.621247,332.118646,299.98405,271.452179,246.223502,223.656763,203.45445,185.365555,169.160573,154.396989,140.956828,128.655,117.558366,106.95131,97.334206,88.662542,223.455864,201.270059,181.75653,165.451271,211.428272,224.792638,207.205307,191.122544,176.273734,162.529736,149.942946,138.241318,127.515617,117.610236,108.484322,100.128882,92.379588
Re,75,###,###,###,###,###,###,###,###,###,###,###,###,###,###,###,###,15578.75324,12863.66083,11476.122,9842.689479,8496.973339,7572.41225,6510.478017,5600.951914,4753.406231,4048.732254,3428.329187,2841.205544,2365.651173,1989.402082,1689.131155,1445.645635,1243.697338,1081.294058,941.808948,3948.707765,3392.625744,2926.926685,2972.751258,2578.865687,2371.118151,2109.671537,1949.660865,1718.086361,1516.211399,1341.094491,1188.996608,1055.291253,935.31465,831.020216,740.317033,662.013158,592.713861,530.531946,475.790521,427.324973,384.337651,346.27806,312.651017,282.867061,256.466119,232.91577,211.803079,192.944527,176.073864,160.954024,147.120699,134.310539,122.670945,111.603594,101.574374,92.596905,84.504349,208.485806,190.283242,173.749471,158.734189,202.892322,215.380482,198.495785,182.903926,168.579846,155.473313,143.328594,132.206028,121.964428,112.541313,103.905986,95.88979
Os,76,###,###,###,###,###,###,###,###,###,###,###,###,###,###,###,###,16181.14373,13440.73539,11202.14619,10094.4572,8738.103215,7551.061211,6612.623797,5715.422369,4937.932664,4204.126635,3556.82362,2973.192374,2479.8732,2083.506136,1767.218436,1510.91106,1298.429228,1127.683947,983.594626,2758.076823,3506.972677,3025.443983,2620.820657,2668.330746,2328.401506,2181.644815,1920.920461,1766.742807,1559.196443,1378.683897,1222.360957,1086.884007,966.672629,858.608507,764.265196,682.853871,611.677429,548.08145,491.452664,441.668498,397.285178,357.849192,323.073315,292.196753,264.834676,240.439752,218.582836,199.061227,181.606174,165.972368,151.866108,138.801289,126.838543,115.379921,104.998299,95.744924,87.419232,79.876142,196.38036,179.410395,164.013002,150.034413,191.926325,200.346123,187.910663,173.284279,159.898378,147.435331,136.00683,125.516919,115.878673,107.024788,98.785457
Ir,77,###,###,###,###,###,###,###,###,###,###,###,###,###,###,###,###,17219.28336,14602.3735,12222.53621,10913.7938,9357.463335,8018.977786,6946.825349,5958.377415,5117.64285,4408.752176,3777.278588,3208.974478,2707.067059,2267.339917,1914.450192,1629.912351,1395.292976,1207.621404,1049.928089,917.95474,3678.474593,3170.652658,2744.290279,2384.735844,2432.743122,2133.394448,2001.92015,1758.133989,1622.245882,1434.931387,1271.571082,1129.536112,1006.801091,896.92536,797.830293,712.243008,637.47816,571.729171,512.967708,461.099267,415.175592,374.116253,337.696075,305.400175,276.698794,251.135331,228.22804,207.791271,189.515189,173.161682,158.40023,144.900347,132.586905,120.636985,109.8021,100.102353,91.381594,83.544906,76.428434,187.096027,171.074138,156.526197,143.220088,183.612348,183.238155,180.003019,166.208735,153.296327,141.438445,130.549137,120.540769,111.354588,102.813356
Pt,78,###,###,###,###,###,###,###,###,###,###,###,###,###,###,###,###,17557.85666,15345.21513,13024.22167,10949.12306,9822.702618,8512.035536,7174.831923,6274.146114,5378.286295,4625.963714,3956.938533,3352.524675,2858.907696,2438.16554,2062.281927,1748.843015,1491.556718,1286.71668,1115.257541,972.776207,2608.017793,3305.739363,2860.188972,2484.325944,2534.240243,2219.31787,1953.600402,1822.667743,1672.659155,1478.878653,1311.817216,1167.651132,1041.73634,931.226982,830.682425,741.240308,663.005194,594.150115,533.696423,479.524434,431.648909,389.27593,351.578529,317.921368,288.047734,261.3709,237.484385,216.157983,197.114202,180.06099,164.68168,150.674887,137.927089,125.62145,114.446541,104.311508,95.201715,87.01861,79.606129,72.918082,177.725791,162.624548,148.81248,136.317098,174.998035,163.458945,171.700269,158.424219,146.245374,135.026775,124.698475,115.237995,106.460146
Au,79,###,###,###,###,###,###,###,###,###,###,###,###,###,###,###,###,16997.10804,15711.05243,13649.09289,11606.96327,10418.10694,8982.610939,7587.773743,6610.71487,5656.33084,4860.36203,4150.661881,3509.675016,2986.020102,2556.841946,2187.183225,1871.032752,1599.429557,1375.269916,1188.387079,1033.691248,904.591539,2366.861195,3000.436842,2602.904202,2266.688981,2312.98681,2038.98119,1901.123699,1667.279288,1536.36842,1362.627367,1211.903246,1081.216031,966.504324,865.185321,773.423141,691.453353,619.347593,556.04492,500.47744,450.39086,406.12078,367.160681,332.254797,301.099285,273.211884,248.178452,225.851367,205.911014,188.061248,171.968483,157.305472,143.970738,131.247448,119.682186,109.128934,99.632131,91.038298,83.258519,76.265848,69.921714,169.711047,155.131753,142.075216,130.106045,167.5221,153.895664,164.500695,151.964824,140.356415,129.639688,119.82241,110.712588
Hg,80,###,###,###,###,###,###,###,###,###,###,###,###,###,###,###,###,15655.99958,15411.84252,13877.64379,12045.79813,10891.86642,9325.474775,7952.847469,6766.596513,5900.0751,5060.316714,4312.003315,3637.497724,3087.872103,2638.345923,2269.276045,1949.657142,1671.720679,1447.828807,1257.517989,1092.003678,952.992115,836.402993,3132.677388,2712.244721,2358.058251,2057.507417,2107.361967,1843.950335,1726.540962,1516.25675,1401.791801,1245.740482,1110.814889,993.654217,889.813677,798.568099,715.055587,640.222562,574.519951,516.857106,465.867026,419.894876,379.433286,343.600792,311.665291,282.931292,257.064794,233.888073,213.191129,194.675086,177.977258,162.774803,148.952082,135.792558,123.838463,113.044546,103.308801,94.392634,86.319956,79.052578,72.449585,66.518684,160.552761,147.024001,134.623283,123.478256,159.155523,146.219763,156.325211,144.450285,133.490927,123.416297,114.034342
Tl,81,###,###,###,###,###,###,###,###,###,###,###,###,###,###,###,###,14047.72941,14229.50879,13512.41168,12111.29631,10507.56446,9627.84407,8135.433558,7033.492032,6129.382705,5258.111507,4477.281437,3764.447651,3189.39403,2718.749879,2334.063235,2014.422602,1733.761658,1498.834455,1300.784265,1134.958558,995.518518,876.533935,2237.99529,2829.160486,2455.35164,2139.285319,2191.620787,1906.971788,1671.335521,1570.723778,1382.882587,1282.370319,1141.954104,1020.67359,914.657218,821.179191,737.912918,661.531052,593.405558,533.613929,480.870196,434.02045,392.016196,354.83272,321.881291,292.385312,265.834567,241.948132,220.509035,201.294389,183.978703,168.222572,153.893824,140.264175,127.892299,116.818495,106.82373,97.661969,89.355788,81.825776,74.984599,68.831058,63.202426,151.740461,139.06254,127.567152,117.104537,150.379123,138.883719,148.500435,137.33514,127.02021,117.366128
Pb,82,###,###,###,###,###,###,###,###,###,###,###,###,###,###,###,###,13342.3029,13481.34777,13421.08069,12223.75276,10756.53642,9566.294726,8468.362328,7312.20652,6231.388318,5462.31653,4647.979572,3883.609474,3275.145821,2787.027919,2391.257043,2067.011411,1794.611886,1559.798087,1351.782082,1178.033584,1031.959322,908.347151,803.183517,2026.12693,2565.545133,2231.976946,1948.85943,1988.526601,1732.905118,1520.145484,1432.056499,1266.998869,1180.253111,1054.72281,944.939328,849.305323,763.514443,686.331227,615.965781,553.377435,498.160722,449.349389,406.189108,367.556139,333.332818,302.834734,275.412058,250.814879,228.780261,208.903711,190.932832,174.553977,159.657029,145.492347,132.637268,121.136321,110.769689,101.370102,92.831508,85.018965,77.919591,71.5262,65.660618,61.379344,144.134168,132.293955,121.507812,111.53251,124.052826,132.554706,141.69645,131.097674,121.194997
Bi,83,###,###,###,###,###,###,###,###,###,###,###,###,###,###,###,###,13068.76868,13466.19299,13272.20847,12471.58497,11066.26543,9690.273075,8799.079955,7545.612737,6521.731987,5704.201546,4844.494555,4039.359727,3399.518245,2887.007318,2472.923037,2133.57688,1849.643781,1619.42029,1410.345715,1227.754435,1074.638909,945.139336,834.985297,740.896446,1844.795703,2335.282295,2037.320102,1771.141063,1811.151241,1586.524107,1396.246607,1318.896476,1222.592523,1092.601824,978.050538,878.649801,790.89413,711.691125,640.445088,575.867096,518.278427,467.327936,422.451413,382.481054,346.749544,314.916491,286.40956,260.88827,237.98039,217.44305,198.826974,181.780564,166.271299,151.496082,138.08848,126.096297,115.295492,105.56212,96.717552,88.632218,81.276556,74.607095,68.488373,62.974501,99.901251,137.644363,126.42221,116.060072,106.608104,104.462161,127.031001,135.892586,125.73867
Po,84,###,###,###,###,###,###,###,###,###,###,###,###,###,###,###,###,13178.77684,13806.38134,13087.92777,12862.37769,11444.02401,10047.61241,9131.685691,7861.408276,6820.541119,5847.582473,5064.728071,4218.952716,3551.130885,3014.16225,2581.910608,2226.972049,1929.884809,1688.826192,1483.550721,1300.846918,1138.306238,1000.5277,883.524787,783.453746,1438.338995,2474.665077,2150.160693,1868.03642,1919.713837,1674.076338,1472.093701,1299.351922,1230.627852,1144.851325,1024.029079,918.918392,826.642883,744.707663,671.032691,604.754146,544.60916,490.912417,443.595857,401.665992,364.29184,330.729854,300.677937,273.871684,249.872808,228.284289,208.789156,190.966379,174.738121,159.201544,145.100885,132.467623,121.092385,110.845629,101.547927,93.137405,85.474633,78.470041,72.043121,66.252048,60.921337,133.458557,132.741231,121.924582,112.025314,102.973369,94.680609,122.931697,131.435693
At,85,###,###,###,###,###,###,###,###,###,###,###,###,###,###,###,###,12564.23317,13885.84548,13472.15636,13025.33832,11976.54044,10530.24791,9004.477197,8235.633898,7051.215083,6129.441081,5186.877406,4409.145854,3711.783534,3150.892539,2696.912876,2324.926098,2012.625841,1759.789982,1545.181549,1355.876365,1193.306355,1049.088549,926.112247,821.124657,730.955828,1789.79151,2270.219078,1955.670258,1702.16853,1757.459347,1542.904175,1362.326358,1293.165926,1145.329734,1068.394271,957.890632,860.70545,774.839815,698.695238,630.437871,568.749735,512.903937,463.359994,419.443148,380.493438,345.577814,314.08745,286.005083,260.929637,238.445516,218.068658,199.462954,182.505112,166.259802,151.517438,138.313103,126.422663,115.695638,105.968822,97.204821,89.223532,81.975023,75.317857,69.249993,63.665588,58.645941,138.241794,127.143698,116.953325,107.552177,98.908245,91.019323,118.257202
Rn,86,###,###,###,###,###,###,###,###,###,###,###,###,###,###,###,###,10673.65552,12993.25262,13112.62676,12026.33637,11761.02495,10372.61364,8885.391609,8108.968618,6973.538432,6085.090996,5149.822082,4370.960506,3676.79297,3121.316977,2670.155317,2300.367001,1990.221253,1738.431858,1524.648449,1344.510206,1191.939139,1054.497651,930.44427,824.216066,733.114281,654.575652,1572.910683,1949.243865,1694.404346,1483.971564,1538.09511,1357.111513,1201.709746,1142.908027,1014.867885,949.408703,852.271613,766.496702,690.904276,623.783331,563.483726,508.923584,459.979381,416.341647,377.595641,343.034695,311.838576,283.858397,258.880727,236.529087,216.355963,197.877595,181.06181,164.975265,150.374397,137.288081,125.498973,114.833897,105.163116,96.439168,88.502284,81.356653,74.789911,68.77704,63.242244,58.252442,53.69561,125.768501,115.887235,106.656902,98.117277,90.312114,83.082151
Fr,87,###,###,###,###,###,###,###,###,###,###,###,###,###,###,###,###,8174.621315,12072.45189,13272.82519,12589.79306,11873.56968,10851.46035,9290.14108,7954.719542,7251.41665,6250.579067,5383.464084,4474.925192,3839.095883,3256.921476,2786.078931,2398.891638,2074.657751,1810.753526,1586.412156,1397.38538,1237.414637,1100.819833,978.747178,867.300893,770.976351,687.959106,616.024782,2055.209531,1790.602665,1564.496803,1485.084348,1419.052582,1253.847615,1111.869714,1054.694155,945.156662,887.403585,797.919163,718.559124,648.352506,585.7872,529.813289,479.431842,434.088061,393.690161,357.627268,325.286097,296.1718,270.065348,246.695778,225.622795,206.370324,188.818934,172.034602,156.801295,143.149485,130.85512,119.763816,109.6996,100.583786,92.29199,84.831378,77.977115,71.761819,66.036396,60.819792,56.052669,51.672237,120.440486,110.981951,102.252958,94.200328,86.674506
Ra,88,###,###,###,###,###,###,###,###,###,###,###,###,###,###,###,###,2655.404272,6621.669664,10498.41229,12024.07115,11497.66116,11568.61759,9992.885015,8557.459493,7286.695754,6638.864826,5691.57632,4902.634,4241.923689,3570.062826,3032.448809,2594.634984,2228.585165,1934.112286,1685.806404,1477.981161,1303.16968,1153.824057,1026.577169,911.596759,808.674093,720.092107,643.40906,1473.781278,1854.616176,1620.959763,1420.574558,1463.986199,1299.348509,1154.289339,1026.032775,976.016135,903.591029,821.017685,739.165314,666.813256,602.546189,545.077393,493.992926,447.705551,406.146533,368.957474,335.581306,305.758559,278.822161,254.64057,232.846928,212.990751,194.930843,177.608603,161.883016,147.749782,135.027377,123.571004,113.178752,103.784124,95.235628,87.519613,80.433085,74.056526,68.179813,62.803578,57.888452,53.359487,49.222291,114.263698,105.3986,97.168044,89.430798
Ac,89,###,###,###,###,###,###,###,###,###,###,###,###,###,###,###,###,2937.251248,7108.105703,10987.97429,12392.03575,11749.69216,11248.8843,10114.51215,8673.281503,7398.597644,6748.509133,5802.683409,5030.593059,4272.824093,3674.240233,3129.621665,2681.771264,2304.417106,1999.518135,1741.970027,1526.310521,1344.653365,1189.837144,1057.548223,944.116957,841.217899,749.344613,669.617349,587.228125,1339.623881,1677.277363,1493.575779,1317.311278,1361.105883,1206.776639,1069.723875,952.028818,906.785411,849.169806,764.7421,690.052407,623.675311,564.580042,511.995994,464.926769,422.300375,383.605431,348.850819,317.798632,290.038991,264.896334,242.229101,221.589062,202.817447,184.848475,168.530357,153.837927,140.605504,128.648025,117.807346,108.038635,99.149092,91.126336,83.75687,77.105804,70.976976,65.426168,60.351799,55.639032,51.320501,47.376536,109.454291,101.022608,93.088302
Th,90,###,###,###,###,###,###,###,###,###,###,###,###,###,###,###,###,1647.905884,3707.570675,7659.289166,10577.64299,11229.0894,10439.9403,10396.42787,8972.921822,7674.344917,6555.423233,5987.161751,5125.235468,4446.996709,3805.198266,3311.039743,2827.595732,2425.030044,2098.432977,1821.415874,1589.781619,1395.374922,1230.869924,1090.823111,970.661682,867.231343,774.094568,686.915012,605.890881,532.341399,1200.941977,1549.530991,1355.889158,1188.376545,1230.665836,1091.774347,973.35208,872.371121,830.189127,780.059089,704.241641,636.712131,576.488243,522.934532,475.034302,431.564006,392.401668,356.781719,324.945011,296.475174,270.914556,247.773763,226.577961,207.42635,189.122132,172.490067,157.450936,143.903522,131.63767,120.519402,110.499837,101.386938,93.193913,85.667044,78.866833,72.60037,66.947335,61.779231,56.967322,52.554622,48.511598,44.807913,103.035851,95.10422
Pa,91,###,###,###,###,###,###,###,###,###,###,###,###,###,###,###,###,1462.375645,2222.156601,5231.378974,8908.1247,10714.40075,10573.98037,10317.4161,9425.452961,8085.977209,6906.514325,6306.573508,5368.640159,4610.124729,4013.548397,3519.260928,3018.206018,2582.183161,2230.506194,1933.206541,1684.383968,1475.262467,1298.188087,1148.034664,1019.761192,909.743591,813.540821,722.966846,637.768137,559.954461,1145.1257,1633.835954,1457.826605,1285.075013,1315.620784,1157.194073,1023.405983,910.58023,865.565723,777.979364,733.017412,663.134011,600.913708,545.661238,496.255626,451.732434,411.402419,374.184474,340.811,310.868818,284.08197,259.867451,237.604632,217.479004,198.23604,180.761352,165.057729,150.903384,138.054409,126.401781,115.863826,106.281983,97.670749,89.761964,82.640972,76.078566,70.147281,64.724578,59.709244,55.115669,50.887843,46.997146,43.44393,99.562986
U,92,###,###,###,###,###,###,###,###,###,###,###,###,###,###,###,###,1510.761468,1678.282883,3615.509748,7180.378734,9703.030567,10174.90675,9390.551719,9480.273207,8155.063407,6972.514523,5950.138471,5424.641056,4668.070249,4067.40992,3491.908124,3067.647612,2633.293869,2273.861897,1970.875294,1717.011806,1502.941137,1320.798721,1166.405045,1034.961602,922.091345,824.863559,734.444088,649.177846,569.887973,502.25878,1061.106433,1444.126913,1335.126515,1184.869686,1202.684975,1051.076786,927.838296,822.207354,782.443598,703.699297,664.385075,602.363395,547.51747,498.566035,454.63583,414.821707,378.123985,344.794409,314.51008,287.405335,262.899046,240.395059,220.054047,200.549479,182.845166,167.032255,152.769024,139.780019,127.996394,117.319926,107.611582,98.876379,90.855245,83.643741,76.998223,71.004416,65.52473,60.473978,55.850148,51.581336,47.646362,44.043105,75.89377
