K-M3,NIST-Chantler 2005,,,,,,,,,,,,,,,,,,,,,,,,,,,,,,,,,,,,,,,,,,,,,,,,,,,,,,,,,,,,,,,,,,,,,,,,,,,,,,,,,,,,,,,,,
,Elm,Be,B,C,N,O,F,Ne,Na,Mg,Al,Si,P,S,Cl,Ar,K,Ca,Sc,Ti,V,Cr,Mn,Fe,Co,Ni,Cu,Zn,Ga,Ge,As,Se,Br,Kr,Rb,Sr,Y,Zr,Nb,Mo,Tc,Ru,Rh,Pd,Ag,Cd,In,Sn,Sb,Te,I,Xe,Cs,Ba,La,Ce,Pr,Nd,Pm,Sm,Eu,Gd,Tb,Dy,Ho,Er,Tm,Yb,Lu,Hf,Ta,W,Re,Os,Ir,Pt,Au,Hg,Tl,Pb,Bi,Po,At,Rn,Fr,Ra,Ac,Th,Pa,U
,Z,4,5,6,7,8,9,10,11,12,13,14,15,16,17,18,19,20,21,22,23,24,25,26,27,28,29,30,31,32,33,34,35,36,37,38,39,40,41,42,43,44,45,46,47,48,49,50,51,52,53,54,55,56,57,58,59,60,61,62,63,64,65,66,67,68,69,70,71,72,73,74,75,76,77,78,79,80,81,82,83,84,85,86,87,88,89,90,91,92
,keV,###,###,###,###,###,###,0.85741,1.0672,1.2955,1.553,1.829,2.139163,2.464265,2.8156,3.1905,3.5896,4.0127,4.4605,4.9318,5.4273,5.9467,6.4904,7.058,7.6494,8.2647,8.9053,9.572,10.2642,10.9823,11.7262,12.4959,13.2922,14.1118,14.9612,15.8355,16.7381,17.6671,18.6226,19.6072,20.619,21.6566,22.7237,23.8188,24.9426,26.0947,27.2756,28.4857,29.7256,30.9951,32.2948,33.6244,34.987,36.3784,37.8012,39.2576,40.7484,42.2715,43.8271,45.4144,47.0384,48.6951,50.3844,52.1129,53.8765,55.6737,57.5051,59.3825,61.2902,63.2432,65.2224,67.244,69.3091,71.4136,73.5603,75.7494,77.9819,80.2552,82.5738,84.9381,87.349,89.8031,92.3039,94.866,97.474,100.1302,102.846,105.6049,108.4272,111.3026
H,1,###,###,###,###,###,###,11.572643,5.564913,2.898778,1.570717,0.901727,0.529054,0.326427,0.20691,0.134808,0.08995,0.061329,0.042614,0.030152,0.021677,0.015816,0.011695,0.008756,0.006632,0.005077,0.003923,0.003057,0.002402,0.001902,0.001517,0.001218,0.000984,0.0008,0.000654,0.000538,0.000444,0.000369,0.000308,0.000258,0.000217,0.000183,0.000155,0.000132,0.000113,0.000097,0.000083,0.000071,0.000062,0.000054,0.000047,0.000041,0.000035,0.000031,0.000027,0.000024,0.000021,0.000019,0.000016,0.000015,0.000013,0.000011,0.00001,0.000009,0.000008,0.000007,0.000007,0.000006,0.000005,0.000005,0.000004,0.000004,0.000003,0.000003,0.000003,0.000003,0.000002,0.000002,0.000002,0.000002,0.000002,0.000001,0.000001,0.000001,0.000001,0.000001,0.000001,0.000001,0.000001,0.000001
He,2,###,###,###,###,###,###,105.955681,52.259759,27.434923,14.918373,8.567868,5.016674,3.084056,1.945293,1.260132,0.835412,0.565662,0.390202,0.274044,0.195526,0.141582,0.103898,0.077199,0.058036,0.044101,0.03383,0.026176,0.020423,0.016058,0.012721,0.010147,0.008146,0.006585,0.00535,0.004372,0.003591,0.002964,0.002459,0.002048,0.001714,0.00144,0.001215,0.001029,0.000874,0.000745,0.000637,0.000547,0.000471,0.000406,0.000352,0.000305,0.000266,0.000232,0.000203,0.000177,0.000156,0.000137,0.000121,0.000107,0.000095,0.000084,0.000074,0.000066,0.000059,0.000053,0.000047,0.000042,0.000038,0.000034,0.000031,0.000028,0.000025,0.000022,0.00002,0.000018,0.000017,0.000015,0.000014,0.000012,0.000011,0.00001,0.000009,0.000009,0.000008,0.000007,0.000007,0.000006,0.000005,0.000005
Li,3,###,###,###,###,###,###,330.441521,170.20628,92.245063,52.016067,31.020156,18.908801,12.091514,7.934121,5.300074,3.594075,2.489415,1.756601,1.261559,0.9202,0.680878,0.510326,0.387125,0.296949,0.230119,0.179814,0.141275,0.111814,0.089152,0.071581,0.057852,0.047039,0.038496,0.031652,0.026169,0.021734,0.018137,0.015204,0.012794,0.01081,0.009171,0.007806,0.006668,0.005716,0.004919,0.004243,0.003669,0.003181,0.002765,0.002409,0.002104,0.001842,0.001616,0.001421,0.001252,0.001105,0.000977,0.000865,0.000768,0.000683,0.000608,0.000542,0.000484,0.000433,0.000388,0.000348,0.000313,0.000281,0.000253,0.000228,0.000206,0.000186,0.000168,0.000152,0.000138,0.000125,0.000114,0.000103,0.000094,0.000086,0.000078,0.000071,0.000065,0.000059,0.000054,0.00005,0.000045,0.000042,0.000038
Be,4,###,###,###,###,###,###,858.455591,450.916683,251.034245,145.167693,88.557828,55.017694,35.373371,23.3302,15.688917,10.725298,7.48468,5.318216,3.844745,2.822091,2.100701,1.583621,1.207943,0.93145,0.725495,0.569482,0.448661,0.355927,0.284427,0.228863,0.185365,0.151028,0.123845,0.102023,0.08451,0.070319,0.058787,0.049366,0.041613,0.035218,0.029926,0.025515,0.021828,0.018733,0.016128,0.013912,0.012032,0.010431,0.009067,0.007901,0.006902,0.006041,0.005301,0.004662,0.004107,0.003625,0.003205,0.00284,0.002521,0.002241,0.001995,0.00178,0.001591,0.001424,0.001276,0.001146,0.00103,0.000927,0.000835,0.000753,0.00068,0.000615,0.000557,0.000505,0.000458,0.000415,0.000378,0.000343,0.000313,0.000285,0.00026,0.000237,0.000216,0.000198,0.000181,0.000165,0.000151,0.000139,0.000127
B,5,###,###,###,###,###,###,1755.366008,934.61947,524.734559,305.84835,187.917801,117.87531,77.351905,52.014886,35.582944,24.662083,17.304839,12.361949,8.98225,6.62507,4.954387,3.750568,2.872081,2.223128,1.737838,1.368724,1.081031,0.859585,0.688445,0.555159,0.450575,0.36786,0.302253,0.249476,0.207034,0.172584,0.144542,0.121584,0.102665,0.087033,0.074077,0.063256,0.054199,0.046586,0.040167,0.03469,0.030033,0.026063,0.022677,0.019779,0.017294,0.015153,0.013309,0.011713,0.010328,0.009124,0.008075,0.00716,0.00636,0.005658,0.005043,0.004502,0.004024,0.003602,0.003229,0.0029,0.002606,0.002345,0.002113,0.001907,0.001723,0.001558,0.00141,0.001278,0.001159,0.001053,0.000958,0.000872,0.000796,0.000727,0.000665,0.000609,0.000557,0.00051,0.000468,0.000429,0.000394,0.000362,0.000332
C,6,###,###,###,###,###,###,3167.277736,1727.653303,986.759945,580.533417,359.716664,227.469195,150.369075,101.817547,69.982401,48.702718,34.571827,24.969859,18.33375,13.632766,10.218268,7.751651,5.948661,4.613895,3.613891,2.851862,2.257761,1.799449,1.444488,1.167361,0.94948,0.776787,0.639524,0.528896,0.439766,0.367275,0.308144,0.259675,0.219641,0.186512,0.159012,0.136001,0.116711,0.100474,0.086763,0.07501,0.064997,0.056445,0.049147,0.042898,0.037535,0.032909,0.028923,0.025473,0.022476,0.019867,0.017594,0.01561,0.013875,0.012352,0.011014,0.009839,0.008799,0.007881,0.00707,0.006351,0.005711,0.005143,0.004636,0.004186,0.003784,0.003423,0.0031,0.002811,0.002551,0.002317,0.002107,0.001918,0.001748,0.001593,0.001454,0.001328,0.001214,0.00111,0.001016,0.00093,0.000852,0.000781,0.000717
N,7,###,###,###,###,###,###,4791.553206,2652.832033,1550.141605,931.656436,580.820605,368.4181,244.235362,165.822925,114.257355,79.694302,56.694074,41.030844,30.185316,22.528769,17.0385,13.041737,10.094103,7.877951,6.184693,4.88864,3.878973,3.098803,2.493128,2.019244,1.645739,1.349106,1.112805,0.922027,0.768046,0.64258,0.540068,0.455873,0.386232,0.328501,0.280499,0.240285,0.206518,0.178047,0.15397,0.133249,0.115564,0.100435,0.087514,0.076442,0.066932,0.058725,0.051648,0.045518,0.040191,0.035549,0.031503,0.027968,0.024877,0.022159,0.019772,0.017672,0.015814,0.014172,0.012721,0.011435,0.010288,0.00927,0.00836,0.007554,0.006831,0.006184,0.005604,0.005083,0.004615,0.004194,0.003815,0.003473,0.003165,0.002885,0.002633,0.002405,0.002198,0.00201,0.001839,0.001684,0.001543,0.001414,0.001297
O,8,###,###,###,###,###,###,6579.85548,3703.478127,2181.683262,1326.142025,844.826119,546.891803,364.379033,248.208856,171.6245,120.134865,85.756456,62.266343,45.949809,34.395902,26.088182,20.02202,15.537444,12.180881,9.639448,7.682331,6.137304,4.924533,3.96942,3.219964,2.628399,2.157937,1.782682,1.479187,1.233886,1.033767,0.870024,0.735365,0.623832,0.531257,0.454186,0.389537,0.335192,0.28932,0.250483,0.216968,0.188327,0.163799,0.142834,0.124856,0.1094,0.096054,0.084539,0.074558,0.065876,0.058307,0.051704,0.045934,0.040882,0.036439,0.032534,0.029096,0.026053,0.023363,0.020983,0.018873,0.016988,0.015317,0.013822,0.012495,0.011306,0.01024,0.009285,0.008427,0.007655,0.00696,0.006334,0.005769,0.005257,0.004795,0.004377,0.003999,0.003655,0.003343,0.00306,0.002802,0.002568,0.002355,0.002161
F,9,###,###,###,###,###,###,8082.51253,4681.016793,2805.471865,1713.253799,1094.38898,711.144863,481.388803,332.172986,230.597596,162.169116,116.267128,84.768184,62.801103,47.187015,35.917707,27.661939,21.536942,16.938396,13.445559,10.744475,8.59425,6.915883,5.603565,4.569767,3.749629,3.086602,2.552961,2.120194,1.769993,1.484022,1.2499,1.057208,0.897539,0.764904,0.654388,0.561621,0.483591,0.417681,0.361842,0.313654,0.272452,0.237153,0.206953,0.181036,0.158744,0.13948,0.122845,0.108415,0.095855,0.084898,0.075334,0.06697,0.059643,0.053194,0.047523,0.042527,0.038103,0.034189,0.030724,0.027651,0.024904,0.022467,0.020285,0.018349,0.016612,0.015054,0.013656,0.0124,0.011271,0.010254,0.009339,0.008512,0.007765,0.00709,0.006479,0.005925,0.00542,0.004963,0.004547,0.004168,0.003824,0.00351,0.003223
Ne,10,###,###,###,###,###,###,661.115298,6364.926995,3860.741341,2383.71766,1527.560266,996.110958,676.11601,468.882563,330.196642,234.795458,168.699439,123.255222,91.498688,68.881935,52.529584,40.526331,31.607747,24.899498,19.796554,15.841971,12.683727,10.215361,8.283134,6.76019,5.551043,4.583693,3.807779,3.176818,2.663265,2.239495,1.887597,1.597773,1.357429,1.157554,0.990851,0.850888,0.733067,0.633489,0.549083,0.476283,0.414014,0.360638,0.314941,0.275697,0.241916,0.212705,0.187463,0.165551,0.146466,0.129806,0.115256,0.102525,0.091365,0.081536,0.072888,0.065264,0.058509,0.052529,0.047232,0.04253,0.038327,0.034596,0.031253,0.028284,0.025621,0.02323,0.021085,0.019156,0.01742,0.015859,0.014453,0.013185,0.012043,0.011007,0.01007,0.00922,0.008444,0.00774,0.0071,0.006515,0.005984,0.005498,0.005055
Na,11,###,###,###,###,###,###,891.438045,498.622984,5060.378667,2785.663926,1831.031755,1245.867863,849.585195,589.828152,415.934489,297.175837,216.285124,159.971388,119.360238,89.911416,68.60745,52.962122,41.329335,32.576144,25.913816,20.747428,16.617609,13.387948,10.860048,8.866471,7.283022,6.015768,4.999059,4.172002,3.499697,2.948148,2.494387,2.11929,1.807081,1.546628,1.328648,1.144615,0.987148,0.853365,0.739917,0.642306,0.55879,0.487138,0.425728,0.372945,0.327474,0.288127,0.254105,0.224556,0.198802,0.176302,0.156639,0.139419,0.124319,0.111015,0.099299,0.088963,0.0798,0.071686,0.064493,0.058106,0.052392,0.047318,0.042769,0.038727,0.035099,0.03184,0.028914,0.026283,0.023914,0.021778,0.019852,0.018111,0.016536,0.01511,0.01382,0.01265,0.011582,0.010613,0.009732,0.008928,0.008198,0.00753,0.006921
Mg,12,###,###,###,###,###,###,1245.876843,696.481792,406.80447,3800.225008,2386.176617,1582.088561,1097.492842,768.779945,543.268841,388.914967,283.5796,210.12563,158.088505,120.538743,92.526317,71.511336,55.86911,44.085262,35.106762,28.137569,22.561463,18.195565,14.775473,12.074485,9.927988,8.208377,6.827412,5.70309,4.788276,4.037108,3.418689,2.907057,2.480752,2.124866,1.826906,1.575544,1.363099,1.182804,1.029343,0.896117,0.781178,0.681477,0.596003,0.522494,0.459129,0.404253,0.356765,0.315493,0.279496,0.248017,0.220485,0.196347,0.175169,0.156499,0.140051,0.125535,0.112659,0.101251,0.091134,0.082147,0.074103,0.066955,0.060545,0.054846,0.04973,0.045132,0.041003,0.037286,0.033939,0.030919,0.028197,0.025735,0.023507,0.021488,0.019661,0.018002,0.016489,0.015116,0.013867,0.012726,0.01169,0.010741,0.009877
Al,13,###,###,###,###,###,###,1632.127715,919.906691,542.328366,329.820556,2904.670479,1889.735466,1303.020505,919.815623,656.942591,471.179621,344.086014,255.323642,192.363523,146.871989,113.529572,88.717559,69.725184,55.08458,43.916721,35.241975,28.304556,22.866943,18.598431,15.224185,12.536718,10.381322,8.647617,7.234035,6.082212,5.135126,4.354416,3.707551,3.167988,2.716929,2.338775,2.019438,1.74921,1.519607,1.323953,1.153783,1.007404,0.881252,0.772815,0.679186,0.597719,0.526735,0.464974,0.411285,0.364448,0.323494,0.287672,0.256274,0.228715,0.204409,0.182993,0.16409,0.147309,0.13243,0.119231,0.107501,0.096998,0.087663,0.079291,0.071845,0.065158,0.059147,0.053747,0.048888,0.044509,0.040558,0.036995,0.033773,0.030855,0.028212,0.025818,0.023646,0.021663,0.019862,0.018225,0.016729,0.01537,0.014126,0.012992
Si,14,###,###,###,###,###,###,2177.315404,1224.317818,717.208225,438.064215,282.360354,2361.175022,1619.321664,1144.315144,821.811526,597.765961,438.033426,324.893544,244.676146,186.738176,144.286169,112.734993,88.993217,70.928978,56.815412,45.655378,36.725906,29.717953,24.208945,19.847481,16.368661,13.573284,11.322245,9.484645,7.985341,6.750829,5.731756,4.886427,4.18038,3.589464,3.093501,2.674161,2.318915,2.016755,1.759011,1.534008,1.340173,1.17291,1.029088,0.905012,0.79771,0.704503,0.623606,0.553089,0.491356,0.436209,0.387963,0.345665,0.308535,0.275784,0.24692,0.221439,0.198824,0.178775,0.160987,0.145175,0.131017,0.118431,0.107142,0.097102,0.088085,0.079979,0.072697,0.066141,0.060233,0.054901,0.050091,0.045739,0.041799,0.038227,0.034993,0.032057,0.029375,0.026941,0.024726,0.022702,0.020863,0.01918,0.017643
P,15,###,###,###,###,###,###,2682.340587,1504.181377,877.308764,533.999254,343.325861,226.187564,1866.819541,1315.733795,946.649046,690.901345,512.689037,384.043601,289.170655,220.676659,170.498872,133.203304,105.145724,83.793589,67.368543,54.516533,44.064636,35.714307,29.129638,23.909764,19.741903,16.389585,13.686962,11.477905,9.673551,8.18644,6.95767,5.937466,5.08446,4.369842,3.769505,3.261542,2.830797,2.464077,2.150979,1.876457,1.639673,1.435183,1.259278,1.107507,0.976279,0.862269,0.7633,0.677033,0.601572,0.535415,0.477392,0.426401,0.381321,0.341194,0.305704,0.274266,0.246352,0.221594,0.199623,0.180088,0.162589,0.147027,0.133061,0.120634,0.109468,0.099423,0.090397,0.082268,0.074939,0.068326,0.062359,0.05696,0.052073,0.047641,0.043626,0.03998,0.036648,0.033622,0.030869,0.028353,0.026066,0.023971,0.022058
S,16,###,###,###,###,###,###,3415.003086,1915.601922,1115.901368,678.721857,436.272598,287.522177,198.24803,1578.570968,1139.696702,833.502075,619.315995,467.085692,357.089544,272.961524,211.113098,165.091521,130.450629,104.064116,83.743091,67.826721,55.035103,44.917469,36.80024,30.23197,24.977661,20.748521,17.337206,14.54685,12.26663,10.386696,8.832585,7.541435,6.461304,5.555989,4.795093,4.150891,3.604407,3.138959,2.741409,2.392288,2.090955,1.830559,1.606564,1.413254,1.246008,1.100712,0.974588,0.864617,0.7684,0.684031,0.61002,0.544967,0.487707,0.437069,0.392324,0.35272,0.317329,0.285772,0.257637,0.232524,0.210017,0.189992,0.172015,0.156014,0.141632,0.128691,0.117057,0.106572,0.097116,0.088574,0.080862,0.073875,0.06754,0.061795,0.056589,0.051862,0.047543,0.043619,0.040049,0.036786,0.033819,0.031102,0.028621
Cl,17,###,###,###,###,###,###,3980.742858,2249.43679,1313.909282,800.159419,514.742046,339.422058,234.154503,165.719723,1260.898774,928.948674,691.897445,521.551651,398.901052,308.764679,240.244887,188.054108,148.729357,118.751401,95.644555,77.531069,62.959431,51.424366,42.272842,34.962497,29.007876,24.121514,20.166952,16.930913,14.285125,12.102302,10.296448,8.795614,7.539652,6.486472,5.600858,4.850714,4.214016,3.671509,3.207989,2.800763,2.449113,2.145085,1.883446,1.65756,1.462083,1.29215,1.144546,1.015834,0.903178,0.804337,0.717599,0.641334,0.574176,0.514755,0.462234,0.415735,0.374348,0.337553,0.304818,0.275642,0.249325,0.225757,0.204524,0.185524,0.168443,0.15307,0.139247,0.126792,0.115558,0.105409,0.096244,0.087943,0.080418,0.073593,0.067408,0.061789,0.056655,0.05199,0.047745,0.043864,0.040335,0.037101,0.034149
Ar,18,###,###,###,###,###,###,4524.787177,2558.311807,1511.278493,920.274067,591.505725,389.554387,268.35083,189.648844,134.913064,1002.168449,750.015102,566.950006,433.548108,335.504076,262.570289,207.202353,163.990572,131.030658,105.61262,85.673505,69.62218,56.906812,46.811858,38.742294,32.246145,26.98068,22.644184,19.037248,16.069924,13.620223,11.592932,9.907913,8.496927,7.313174,6.317335,5.473497,4.757019,4.146295,3.624277,3.165564,2.769307,2.426584,2.131537,1.876703,1.656081,1.464228,1.297531,1.152048,1.024656,0.912912,0.8148,0.72848,0.652441,0.585142,0.525637,0.472935,0.426007,0.384269,0.347124,0.314006,0.28426,0.257737,0.233873,0.212583,0.193347,0.175789,0.159994,0.145656,0.132724,0.121042,0.110494,0.10094,0.092273,0.084416,0.077297,0.070834,0.064929,0.059565,0.054686,0.050226,0.046172,0.042458,0.039069
K,19,###,###,###,###,###,###,5748.11552,3297.091905,1969.147884,1205.526265,772.785544,507.453156,348.628582,245.747864,174.417786,124.3765,914.952122,695.710413,534.773209,414.286051,324.25516,256.282465,204.371158,163.827088,132.154616,107.290341,87.251813,71.367726,58.750055,48.656451,40.52722,33.93314,28.571824,24.154826,20.473169,17.376235,14.797592,12.651938,10.855229,9.347223,8.077934,7.001918,6.088041,5.308703,4.6422,4.055767,3.548957,3.110495,2.732838,2.406575,2.124116,1.87843,1.664908,1.47855,1.315336,1.172105,1.046327,0.935649,0.838141,0.751831,0.675497,0.607874,0.547656,0.494092,0.446412,0.40389,0.365694,0.331632,0.300977,0.273621,0.248976,0.22675,0.206723,0.188632,0.17228,0.157358,0.143824,0.131544,0.120386,0.110259,0.101073,0.092722,0.085085,0.07814,0.071816,0.066029,0.060764,0.055936,0.051524
Ca,20,###,###,###,###,###,###,6837.106019,3942.426108,2381.00231,1469.138064,947.144318,620.483269,425.343588,299.197251,211.950716,150.889159,109.724394,800.96541,617.798953,482.437707,378.321319,299.27635,238.76042,192.177076,155.686644,126.571628,103.008145,84.321322,69.463375,57.569177,47.983322,40.202391,33.872645,28.65407,24.355519,20.780277,17.790079,15.219195,13.064246,11.254363,9.730242,8.437852,7.339679,6.402796,5.601275,4.896181,4.286614,3.759047,3.30441,2.911437,2.571045,2.274795,2.017184,1.792317,1.595291,1.422219,1.270179,1.13636,1.018405,0.913943,0.821519,0.73961,0.666633,0.601689,0.543859,0.492268,0.445903,0.404536,0.367293,0.334046,0.304081,0.277039,0.252664,0.230647,0.210738,0.192654,0.176269,0.161343,0.147708,0.135327,0.12409,0.113871,0.104526,0.096027,0.088284,0.081196,0.074745,0.068827,0.063418
Sc,21,###,###,###,###,###,###,7373.692425,4269.970264,2582.877318,1608.94883,1040.489785,684.271679,468.052432,328.557948,232.385059,165.261225,120.069697,88.871905,646.690082,504.840796,398.941242,316.430514,252.765355,203.557275,165.220157,134.952423,110.034185,90.122514,74.284681,61.599606,51.371311,43.065143,36.304191,30.726836,26.130409,22.308931,19.124191,16.457777,14.179646,12.237464,10.585405,9.183172,7.991229,6.973895,6.103109,5.33759,4.67565,4.102596,3.608488,3.181152,2.810764,2.488265,2.207703,1.962581,1.747684,1.558901,1.392974,1.24686,1.117989,1.003782,0.902699,0.813084,0.7332,0.662076,0.598715,0.542165,0.491319,0.445934,0.405056,0.36855,0.335635,0.305923,0.27913,0.254909,0.232998,0.213085,0.195036,0.178584,0.163546,0.149888,0.137488,0.126208,0.115886,0.106494,0.097936,0.090101,0.082967,0.076422,0.070437
Ti,22,###,###,###,###,###,###,8178.115613,4761.184835,2878.986304,1800.081754,1180.964683,778.930225,534.072976,374.421735,264.646714,188.199821,136.751015,101.253124,76.277815,552.352702,435.879477,348.622308,279.194283,225.266145,183.133417,149.806276,122.926807,101.098966,83.363806,69.121012,57.636789,48.312069,40.723036,34.463655,29.305618,25.017295,21.44362,18.452351,15.930503,13.801355,11.990687,10.406583,9.059533,7.909343,6.924419,6.059202,5.310779,4.662474,4.103241,3.619326,3.199652,2.834035,2.515788,2.23767,1.993727,1.779247,1.590634,1.424448,1.277837,1.147892,1.032806,0.930713,0.839666,0.758564,0.686282,0.621742,0.563685,0.51184,0.465124,0.423389,0.385739,0.351732,0.321052,0.293318,0.268218,0.245354,0.22461,0.205649,0.188253,0.172459,0.158134,0.145108,0.133193,0.122355,0.112481,0.103444,0.095218,0.087674,0.080779
V,23,###,###,###,###,###,###,9041.271329,5293.722064,3204.962263,2003.650941,1314.04993,876.468157,602.948676,422.881445,298.793514,212.599998,154.568998,114.498729,86.31135,66.073358,474.519748,377.908283,305.10219,247.155657,201.246014,164.817761,135.380036,111.828631,92.847276,77.056201,64.249157,53.84764,45.384072,38.404284,32.653283,27.872762,23.889602,20.555161,17.744858,15.372056,13.363327,11.650481,10.169702,8.892105,7.787561,6.817977,5.979214,5.252608,4.62523,4.081989,3.610634,3.199765,2.841933,2.529018,2.254412,2.012908,1.800426,1.613123,1.447796,1.301187,1.17126,1.05593,0.953065,0.86142,0.779693,0.706678,0.640968,0.582263,0.529345,0.48205,0.43937,0.400805,0.365999,0.334518,0.306017,0.280034,0.256448,0.234884,0.215094,0.197119,0.180805,0.165966,0.152387,0.140032,0.128773,0.118466,0.109082,0.100474,0.092603
Cr,24,###,###,###,###,###,###,10334.00136,6087.993952,3701.135109,2314.035276,1515.838987,1013.469593,701.580647,493.494835,348.780185,248.333184,180.649115,133.907899,100.996142,77.366307,60.090947,426.844247,343.672357,279.7688,228.633466,187.476662,154.109197,127.40965,105.968896,88.636366,74.118973,62.149559,52.377173,44.31623,37.675784,32.156537,27.55811,23.70931,20.465392,17.727022,15.409242,13.432651,11.744673,10.295249,9.045583,7.926452,6.954903,6.113073,5.386058,4.756238,4.209421,3.732392,3.316626,2.95289,2.633537,2.352593,2.105283,1.887156,1.694509,1.523564,1.37203,1.237485,1.117422,1.010403,0.91493,0.8296,0.752775,0.684111,0.622189,0.566824,0.516841,0.471662,0.430871,0.393963,0.360536,0.330049,0.302363,0.277035,0.253772,0.232637,0.213451,0.195994,0.180014,0.16547,0.152212,0.14007,0.129013,0.118866,0.109585
Mn,25,###,###,###,###,###,###,11233.44224,6693.730195,4092.685482,2560.196612,1675.608579,1118.378628,778.085581,549.512552,390.111519,278.002039,202.394997,150.127605,113.302576,86.844886,67.496622,53.11643,372.390594,302.3123,248.192743,204.121294,167.933106,138.931611,115.64145,96.812188,81.477416,68.686678,57.991405,49.089635,41.744516,35.63783,30.548761,26.288381,22.697787,19.665354,17.097509,14.907915,13.037444,11.433408,10.054238,8.840431,7.778543,6.842489,6.031366,5.327833,4.716822,4.183796,3.719209,3.312533,2.955328,2.640859,2.363964,2.119699,1.903912,1.712388,1.542577,1.391772,1.257137,1.137078,1.029924,0.934115,0.847846,0.770734,0.701171,0.638955,0.58277,0.531973,0.486096,0.444578,0.406965,0.372655,0.34149,0.312977,0.286787,0.262986,0.241373,0.221702,0.203688,0.187287,0.172332,0.158635,0.146157,0.134701,0.124221
Fe,26,###,###,###,###,###,###,12652.87819,7550.003685,4680.096784,2937.538034,1921.648027,1280.476373,889.30282,631.870395,450.423307,322.486091,234.870844,174.264202,131.54595,100.835961,78.374613,61.677203,49.103152,339.604674,277.905528,229.594742,189.311703,156.678153,130.440294,109.216488,91.948461,77.791725,66.081423,56.103534,47.74749,40.786141,34.9751,30.108121,26.004836,22.538808,19.603261,17.099242,14.95893,13.1228,11.54365,10.153293,8.945567,7.895015,6.973031,6.168201,5.462243,4.846214,4.309132,3.838969,3.425913,3.06225,2.741914,2.459155,2.209315,1.987529,1.790815,1.616056,1.460014,1.320845,1.196622,1.08554,0.985501,0.896065,0.815365,0.743167,0.677956,0.618984,0.565714,0.517496,0.473804,0.433933,0.397705,0.364542,0.334061,0.306357,0.281198,0.258297,0.237329,0.218238,0.200829,0.184879,0.170349,0.15701,0.144807
Co,27,###,###,###,###,###,###,12172.72214,8155.878236,5123.548265,3227.400063,2111.707359,1406.516374,976.072493,693.525021,497.885317,357.87582,261.27909,193.826047,146.278463,112.104475,87.109541,68.532594,54.551712,43.876647,299.325127,246.922742,204.444469,169.534396,141.142177,118.164862,99.463186,84.139437,71.557946,61.085265,52.204082,44.629134,38.301739,32.984234,28.499834,24.710071,21.498919,18.759455,16.417307,14.407264,12.677752,11.15416,9.830438,8.678944,7.680076,6.809552,6.044013,5.369115,4.775301,4.255314,3.798369,3.395963,3.041462,2.728599,2.452032,2.206387,1.988478,1.794859,1.621906,1.467598,1.32985,1.206662,1.095682,0.996429,0.906861,0.826725,0.754329,0.688847,0.629684,0.576124,0.527583,0.483285,0.443031,0.406187,0.372334,0.341556,0.313598,0.288143,0.264827,0.243592,0.224222,0.206469,0.190291,0.175437,0.161843
Ni,28,###,###,###,###,###,###,5375.754537,9305.146564,5851.830851,3736.884907,2453.895208,1638.340668,1135.03643,805.207491,578.701359,418.512681,306.650501,228.570072,172.357758,131.930111,102.389922,80.460075,63.971426,51.400597,41.697441,280.411827,233.055996,193.784822,161.113375,134.834181,113.474108,95.967906,81.598864,69.647735,59.716078,51.310742,44.100166,38.009871,32.869368,28.521928,24.833532,21.674588,18.973954,16.655457,14.659355,12.902162,11.374761,10.044916,8.891237,7.88728,7.011856,6.242542,5.567387,4.964756,4.432581,3.963807,3.55076,3.18617,2.863856,2.577581,2.323551,2.097771,1.896045,1.716024,1.555294,1.411524,1.28199,1.166132,1.061537,0.967907,0.883309,0.806795,0.737651,0.675037,0.618279,0.566525,0.5195,0.47649,0.437016,0.401109,0.368478,0.338752,0.311508,0.286683,0.264027,0.243257,0.22432,0.20692,0.190987
Cu,29,###,###,###,###,###,###,1815.149351,8609.627864,6052.716706,3925.929469,2599.609241,1742.497776,1207.642668,855.506105,614.244881,445.799398,327.851992,244.505436,185.016982,141.532133,109.761832,86.195713,68.486902,54.995522,44.592097,36.434532,239.33219,198.564681,166.771828,140.940687,119.011052,100.798871,85.720921,73.111288,62.606554,53.797889,46.395656,40.051937,34.654823,30.08136,26.202502,22.888599,20.047585,17.605009,15.499946,13.64573,12.033822,10.630583,9.41253,8.352153,7.427247,6.6168,5.907326,5.282272,4.73021,4.230946,3.790908,3.402336,3.058783,2.753623,2.482784,2.242018,2.026897,1.834912,1.663392,1.509889,1.371572,1.247848,1.136135,1.03612,0.945736,0.863971,0.790069,0.723135,0.66245,0.607116,0.556835,0.510854,0.468668,0.430282,0.395381,0.363579,0.334426,0.307855,0.283599,0.261355,0.241069,0.222427,0.205354
Zn,30,###,###,###,###,###,###,2030.460286,9969.727295,6755.223952,4316.735008,2877.86877,1942.612389,1346.903944,951.921904,681.852456,494.154846,365.384216,274.79651,208.200683,159.571414,123.574841,96.911014,76.906201,61.684104,49.962201,40.691042,32.954352,216.811582,180.751524,152.617164,129.767015,110.180324,93.833271,80.112862,68.642959,58.998921,50.890881,44.056229,38.198914,33.1967,28.928923,25.279616,22.154409,19.467078,17.149424,15.102958,13.322747,11.772501,10.426698,9.254818,8.232335,7.336185,6.551507,5.861645,5.252995,4.714709,4.235428,3.802084,3.418874,3.078428,2.77622,2.507522,2.267378,2.053005,1.861507,1.690134,1.535639,1.397375,1.272508,1.160694,1.059629,0.968187,0.885523,0.810631,0.74272,0.680806,0.624542,0.573092,0.525893,0.482937,0.44388,0.40828,0.375637,0.345877,0.318703,0.293778,0.271041,0.250143,0.230999
Ga,31,###,###,###,###,###,###,2227.869478,1338.881596,6285.82439,4562.06801,3041.906469,2058.160247,1433.94512,1014.945228,726.658062,526.173239,388.78886,292.397892,223.278693,171.59295,133.173015,104.37167,82.778708,66.356118,53.715683,43.725102,35.4024,28.812468,189.980393,159.045243,134.93362,115.360259,98.55773,84.276021,72.295363,62.184913,53.657792,46.452242,40.340254,35.122205,30.653666,26.799383,23.496879,20.656531,18.207118,16.044873,14.161052,12.516381,11.088285,9.8445,8.759241,7.807735,6.974307,6.241479,5.594793,5.023,4.517176,4.068907,3.666805,3.302714,2.979198,2.691284,2.433934,2.204172,1.998902,1.815179,1.649524,1.501249,1.36736,1.247507,1.13914,1.041026,0.952316,0.871956,0.799073,0.732624,0.672229,0.61701,0.566369,0.520265,0.47833,0.440097,0.405034,0.373061,0.343856,0.31706,0.292608,0.270123,0.249519
Ge,32,###,###,###,###,###,###,2488.353994,1482.33319,6826.819206,4917.094756,3281.699362,2220.341154,1557.013668,1103.767053,790.175803,571.944507,422.293658,317.354348,242.49736,187.625875,146.092986,114.701703,90.906126,72.82408,58.914868,47.933932,38.806323,31.584095,25.897958,170.961546,143.718763,122.445905,105.192463,90.306807,77.594093,66.8266,57.714928,49.986635,43.415729,37.830853,33.069384,28.958122,25.407775,22.346385,19.705751,17.372507,15.340154,13.567425,12.024368,10.678975,9.503714,8.47327,7.570657,6.776776,6.07604,5.456303,4.907958,4.421947,3.990579,3.60595,3.258677,2.944917,2.664024,2.412916,2.188563,1.987746,1.806634,1.644487,1.498035,1.366896,1.248318,1.140979,1.043912,0.955973,0.876202,0.803482,0.737382,0.676955,0.621555,0.571106,0.525205,0.483345,0.444944,0.409917,0.377917,0.34855,0.321746,0.297094,0.274497
As,33,###,###,###,###,###,###,2784.746396,1648.235028,997.414812,5318.805902,3551.465139,2404.86812,1686.968616,1203.217156,862.479753,624.073439,460.655677,345.953833,264.168416,204.679674,160.280243,126.279276,100.182014,80.209208,64.854834,52.745549,42.705568,34.764992,28.512723,23.549956,155.596681,131.325646,112.373668,96.836161,83.577562,72.0894,62.33731,54.036342,46.957364,40.927773,35.786694,31.379322,27.571992,24.27706,21.417137,18.887313,16.682493,14.758307,13.08649,11.628455,10.351572,9.231297,8.249405,7.385688,6.623183,5.948716,5.351829,4.822672,4.352958,3.934106,3.560921,3.227907,2.924834,2.650291,2.404589,2.184352,1.98575,1.807967,1.647323,1.503395,1.37324,1.25544,1.14889,1.052295,0.964656,0.88475,0.812107,0.745675,0.684744,0.62925,0.578753,0.532695,0.490439,0.451891,0.41667,0.384344,0.354836,0.327691,0.302806
Se,34,###,###,###,###,###,###,3004.495243,1803.553406,1084.032394,4948.53105,3755.303285,2547.943965,1786.327998,1277.946575,920.423018,666.42587,491.589008,369.008774,281.483262,217.860371,170.895317,135.211804,107.593686,86.245265,69.693921,56.655803,45.878145,37.35734,30.647289,25.320506,21.056727,138.959681,117.812473,101.10313,87.445002,75.82076,65.647113,56.968621,49.546482,43.208544,37.792874,33.140659,29.146668,25.694606,22.695963,20.024369,17.692825,15.657711,13.887731,12.344054,10.994929,9.809874,8.770062,7.853895,7.044618,6.328592,5.694809,5.132874,4.633937,4.188903,3.792343,3.438426,3.120934,2.83646,2.577453,2.342009,2.129496,1.93908,1.767026,1.612896,1.473492,1.347294,1.233132,1.129592,1.035641,0.950004,0.872152,0.800946,0.735628,0.676128,0.621976,0.572577,0.527246,0.485887,0.448089,0.41339,0.381711,0.352566,0.325844
Br,35,###,###,###,###,###,###,3377.211479,2025.022579,1238.668494,3872.278931,4121.169569,2797.017785,1965.633071,1406.561246,1019.546068,740.836693,545.632687,409.031105,311.71674,240.927349,188.713357,149.614387,119.491472,95.97731,77.62828,63.080372,51.089961,41.613753,34.148735,28.221631,23.478065,19.648645,129.490467,110.127661,94.866385,82.289107,71.679883,62.277788,54.220023,47.323061,41.41642,36.330334,31.956212,28.184122,24.925088,22.017757,19.47099,17.234991,15.290848,13.595146,12.113087,10.811591,9.669823,8.663302,7.77375,6.98493,6.2866,5.66736,5.117426,4.626797,4.189529,3.799214,3.44899,3.135123,2.853568,2.600571,2.368455,2.157015,1.965916,1.79467,1.639759,1.499482,1.37257,1.257547,1.153159,1.057971,0.971413,0.892269,0.819703,0.753587,0.6934,0.638483,0.588076,0.542073,0.500022,0.461413,0.426156,0.393711,0.363956
Kr,36,###,###,###,###,###,###,3684.031746,2202.35789,1343.431539,853.038375,3832.112143,2964.857848,2087.987989,1495.115085,1085.775973,793.369311,586.243312,438.565103,333.526526,257.402462,201.212297,159.206922,127.361234,102.604391,83.155188,67.603871,54.760403,44.614352,36.620583,30.271759,25.18956,21.087596,17.76476,116.626309,99.580693,86.053594,74.891466,65.430926,57.083793,49.878467,43.694777,38.356722,33.757103,29.785409,26.349803,23.325246,20.667151,18.313126,16.250739,14.448096,12.873062,11.48995,10.27661,9.208136,8.264002,7.427271,6.685933,6.027283,5.442382,4.920596,4.455539,4.040398,3.667933,3.334158,3.034874,2.766041,2.522436,2.303302,2.102949,1.920283,1.755,1.605303,1.46983,1.346944,1.235395,1.133695,1.041208,0.95661,0.879011,0.808291,0.743901,0.685135,0.631184,0.581935,0.536907,0.495553,0.457781,0.423019,0.391135
Rb,37,###,###,###,###,###,###,4068.179338,2428.005398,1478.845368,937.034524,3024.596943,3187.674049,2261.552645,1622.651873,1177.923522,865.747112,641.944708,480.949139,365.269302,281.43616,219.787748,173.636868,138.737143,111.965022,90.934886,74.119337,60.091502,48.972988,40.20992,33.248848,27.674342,23.174359,19.529943,16.534671,108.078548,92.560858,80.272613,70.111038,61.389074,53.792709,47.17474,41.446394,36.499722,32.221867,28.516073,25.251265,22.400441,19.9065,17.685706,15.732855,14.017429,12.511522,11.190841,10.027554,8.999599,8.089318,7.282966,6.567133,5.930637,5.361823,4.854881,4.402377,3.996421,3.63266,3.306479,3.013479,2.748376,2.510273,2.294053,2.09914,1.921721,1.75819,1.610165,1.475949,1.354084,1.242888,1.141721,1.049173,0.964276,0.886888,0.816409,0.752072,0.692995,0.639058,0.589733,0.544424,0.503031,0.464925,0.429964
Sr,38,###,###,###,###,###,###,4706.318569,2850.493895,1744.250974,1109.093894,742.223382,3039.910154,2454.571654,1766.030359,1283.240286,943.720776,704.868538,529.637096,402.752514,310.266118,242.0837,191.197905,152.699416,123.186843,100.311997,81.945109,66.722198,54.427372,44.704737,36.976145,30.786525,25.78743,21.737054,18.408955,15.672795,99.996721,85.93129,74.83479,65.518705,57.529541,50.609299,44.505916,39.222209,34.645097,30.673753,27.16925,24.107635,21.428586,19.089699,17.030985,15.177075,13.547795,12.117493,10.858469,9.746041,8.760988,7.888412,7.113952,6.425737,5.81128,5.262734,4.772304,4.332297,3.938003,3.584439,3.266836,2.979484,2.721408,2.487505,2.277333,2.086358,1.911805,1.753559,1.607632,1.475073,1.354212,1.24427,1.143675,1.051382,0.967234,0.890599,0.820625,0.756354,0.697659,0.643969,0.59464,0.549563,0.508057,0.46997
Y,39,###,###,###,###,###,###,5204.943635,3147.847275,1948.154577,1236.004712,825.095654,2384.273821,2651.179105,1914.335949,1392.823755,1023.780204,767.109154,579.787551,441.568186,340.268835,265.516496,209.530175,167.266515,134.885994,109.779336,89.921708,73.343169,60.081942,49.369572,40.836276,33.997834,28.475148,24.001258,20.32437,17.303382,14.796927,93.271924,80.657287,70.402951,61.798691,54.450083,48.003889,42.353232,37.434369,33.158661,29.379903,26.076876,23.185449,20.660489,18.447506,16.499841,14.755224,13.197502,11.826324,10.614812,9.542286,8.5923,7.749401,7.000368,6.33164,5.735192,5.202395,4.723401,4.293461,3.907988,3.561764,3.248486,2.967101,2.712068,2.482905,2.275018,2.086258,1.915003,1.757641,1.614545,1.482872,1.362657,1.252715,1.15192,1.059995,0.976231,0.899731,0.829455,0.765264,0.706534,0.652559,0.603225,0.55779,0.516089
Zr,40,###,###,###,###,###,###,5668.881903,3431.566546,2138.811282,1362.008876,909.794177,621.497567,2469.12828,2042.544238,1490.348586,1095.898809,820.515926,623.658501,477.010663,367.891733,287.184079,226.781549,180.941592,145.880291,118.722208,97.223818,79.574127,65.261926,53.831357,44.528743,37.065937,31.038963,26.155983,22.144156,18.84878,16.115651,13.841969,86.237206,74.892875,65.555957,57.711699,50.978392,45.05318,39.870219,35.335539,31.31858,27.804882,24.727698,22.03995,19.685109,17.618263,15.786232,14.165056,12.701493,11.400243,10.248283,9.227984,8.322808,7.518579,6.800764,6.160569,5.588723,5.075236,4.614754,4.201127,3.829041,3.492388,3.190029,2.915972,2.6697,2.446282,2.24341,2.059343,1.892022,1.73975,1.599205,1.470679,1.352776,1.244241,1.145233,1.05503,0.972626,0.896892,0.827689,0.764359,0.706148,0.652929,0.603902,0.558891
Nb,41,###,###,###,###,###,###,6224.105588,3768.135148,2346.511223,1508.859341,1007.452551,687.573683,2023.8684,2195.418194,1607.289812,1182.082997,884.131391,672.170604,517.072404,399.617615,311.975835,246.376587,196.720035,158.544246,128.989337,105.623241,86.43819,71.139234,58.741096,48.762555,40.594299,33.98524,28.633727,24.237716,20.626332,17.631274,15.14042,13.059086,80.511525,70.169018,61.627994,54.382403,48.119525,42.649473,37.830894,33.544122,29.789668,26.498835,23.623737,21.104275,18.892908,16.94271,15.224633,13.681783,12.308196,11.066088,9.965674,8.988976,8.121215,7.346751,6.656099,6.039237,5.485309,4.988528,4.542652,4.141794,3.778493,3.451635,3.155377,2.889179,2.64765,2.428277,2.229223,2.048284,1.883605,1.732879,1.595394,1.46869,1.351337,1.244243,1.146471,1.057134,0.975024,0.899986,0.831301,0.768156,0.710414,0.657211,0.608357
Mo,42,###,###,###,###,###,###,6663.031878,4035.649628,2510.617845,1624.160548,1088.403985,743.678984,529.069084,2019.92767,1700.45337,1253.594571,936.514781,711.266009,548.509425,425.761438,332.859599,262.849656,209.93087,169.308762,137.73281,112.776708,92.301135,75.967559,62.939425,52.309136,43.681682,36.580741,30.814907,26.079539,22.189955,18.964667,16.282857,14.041853,12.154687,74.139201,64.792544,57.099745,50.512484,44.800608,39.810576,35.318713,31.375237,27.916377,24.894409,22.245648,19.919928,17.868062,16.059733,14.460305,13.03872,11.740485,10.585357,9.54972,8.629383,7.807792,7.075036,6.420499,5.832781,5.305708,4.832674,4.407404,4.022099,3.675561,3.361065,3.077953,2.821039,2.587657,2.375862,2.183326,2.008068,1.847575,1.701143,1.566597,1.442517,1.329182,1.224978,1.129746,1.042223,0.962235,0.889001,0.82165,0.760049,0.703276,0.651133
Tc,43,###,###,###,###,###,###,7159.266235,4361.964,2706.529309,1752.757169,1186.390515,810.735329,576.764846,2172.573568,1810.626061,1337.132423,1001.055917,760.170982,585.780441,456.592337,357.879821,282.729674,225.752922,182.140177,148.267943,121.390208,99.343344,81.788739,67.782687,56.507465,47.256129,39.676403,33.43814,28.294334,24.071079,20.570043,17.658759,15.225875,13.178615,11.449383,69.093791,60.622597,53.554704,47.49576,42.235169,37.517218,33.359772,29.686635,26.47666,23.66258,21.191082,19.010698,17.089159,15.389206,13.879855,12.537886,11.332592,10.22842,9.245774,8.366901,7.582974,6.882655,6.253762,5.689694,5.183446,4.728291,4.315987,3.945239,3.608772,3.305937,3.030904,2.780511,2.553251,2.346638,2.158542,1.986288,1.82911,1.684757,1.551731,1.430206,1.318948,1.217201,1.123307,1.037271,0.958487,0.886027,0.81974,0.758642,0.702517
Ru,44,###,###,###,###,###,###,7696.267739,4721.68342,2939.201281,1892.111977,1284.127404,877.790516,623.474939,452.989885,1622.935314,1358.696355,1057.022255,803.843321,618.936534,482.968229,379.938391,300.765225,240.07919,193.637469,157.677859,129.174371,105.703265,87.002587,72.121499,60.159753,50.441415,42.423606,35.824646,30.331931,25.799122,22.042225,18.91898,16.310941,14.115937,12.263089,10.693114,63.791481,56.205042,49.786369,44.303332,39.408368,35.084241,31.244204,27.8699,24.907237,22.305923,20.010571,17.987365,16.197657,14.608663,13.195522,11.935818,10.807253,9.788427,8.859519,8.030791,7.290298,6.625235,6.028641,5.493176,5.011721,4.575577,4.183384,3.827555,3.50749,3.216695,2.951795,2.7113,2.492162,2.292636,2.109926,1.943202,1.790075,1.648965,1.520044,1.40233,1.294638,1.195263,1.104193,1.020726,0.94371,0.873246,0.808279,0.748587
Rh,45,###,###,###,###,###,###,8294.716376,5104.941875,3219.4249,2061.659901,1392.772801,958.101695,679.299732,492.800873,1769.852763,1507.776793,1131.303032,859.22933,661.398317,515.817313,406.937538,322.832842,258.060996,208.112831,169.445657,138.858768,113.684862,93.55397,77.532297,64.689155,54.288541,45.757249,38.716301,32.832033,27.942359,23.868401,20.482746,17.655749,15.277041,13.269987,11.570776,10.121309,59.766281,52.753258,46.914785,41.760859,37.227381,33.221321,29.651037,26.502305,23.733,21.290254,19.137794,17.233439,15.542591,14.038616,12.700398,11.508082,10.436695,9.466654,8.591116,7.8001,7.089571,6.452109,5.87988,5.365296,4.899146,4.479978,4.099612,3.75742,3.446609,3.163932,2.907204,2.673088,2.459853,2.264392,2.085935,1.922003,1.770908,1.632835,1.506774,1.391417,1.28524,1.188068,1.098913,1.016379,0.940838,0.871129,0.807041
Pd,46,###,###,###,###,###,###,8771.123491,5417.388135,3441.470322,2208.376457,1486.316898,1025.478589,727.51706,526.849183,1266.265533,1398.180839,1197.205569,899.099792,690.059112,538.79512,426.347758,340.24894,272.38112,219.820949,178.959536,146.637445,120.06316,98.845876,81.904108,68.3176,57.347091,48.394696,41.020555,34.861001,29.713329,25.39134,21.784325,18.774192,16.24184,14.105288,12.296857,10.755892,9.438524,55.176686,48.923055,43.551139,38.840517,34.667665,30.97518,27.716375,24.819701,22.264384,20.012562,18.021318,16.253506,14.680693,13.281085,12.033688,10.920561,9.922866,9.017775,8.196088,7.453772,6.784676,6.183977,5.643721,5.154231,4.713998,4.314525,3.955192,3.628737,3.331736,3.061949,2.816411,2.5927,2.387238,2.19949,2.026978,1.867931,1.722569,1.589865,1.468408,1.356577,1.254201,1.160334,1.07385,0.994644,0.921287,0.853701
Ag,47,###,###,###,###,###,###,9429.216815,5846.65055,3721.191985,2412.996776,1614.882175,1109.957886,791.022739,572.260926,413.874531,1458.148968,1277.288071,965.552134,741.368599,577.543755,455.952928,363.922818,292.369417,236.200364,192.350044,157.593213,129.00687,106.221141,88.055228,73.440798,61.630666,52.022013,44.162287,37.587289,32.104985,27.490788,23.583386,20.320047,17.575474,15.260688,13.302054,11.633574,10.208179,8.983895,51.961874,46.294376,41.377584,37.053487,33.098585,29.57858,26.453039,23.714557,21.316248,19.194599,17.310945,15.636344,14.146069,12.81772,11.632067,10.569,9.616433,8.761633,7.977843,7.262913,6.620958,6.043504,5.520231,5.049544,4.622363,4.23804,3.888871,3.571316,3.2828,3.020071,2.780654,2.5611,2.360545,2.176024,2.005608,1.84983,1.707593,1.577391,1.457509,1.347758,1.247115,1.154395,1.069462,0.990972,0.91873
Cd,48,###,###,###,###,###,###,9753.42249,6131.865548,3902.322702,2541.688982,1705.091552,1166.79302,833.498296,603.831868,436.836046,1089.947277,1139.150823,1002.320019,772.812937,602.274113,474.634769,378.173309,304.240561,246.323621,200.73579,164.460502,134.592869,110.791782,91.850952,76.645517,64.318217,54.276182,46.08352,39.286082,33.607025,28.817883,24.790896,21.356354,18.468588,16.032903,13.971972,12.217268,10.7186,9.432247,8.325436,47.642533,42.346695,37.787199,33.815919,30.330728,27.266641,24.526111,22.080612,19.899227,17.957287,16.223215,14.678434,13.297727,12.064716,10.958266,9.966892,9.077334,8.271683,7.543765,6.883289,6.284037,5.740928,5.252323,4.808795,4.40968,4.047029,3.717216,3.41751,3.14466,2.895971,2.667738,2.459176,2.267292,2.090093,1.928085,1.780081,1.644581,1.519826,1.40561,1.300854,1.204323,1.115885,1.034277,0.959215
In,49,###,###,###,###,###,###,10323.1655,6511.199533,4150.253284,2709.087348,1838.165868,1251.834337,891.332394,648.160427,468.69341,338.958626,1203.90606,1048.89379,816.504433,639.103821,503.879903,400.899995,322.176159,261.168208,213.14336,174.688984,142.933545,117.636015,97.501961,81.358338,68.310013,57.649651,48.937676,41.729705,35.747033,30.711221,26.450313,22.838678,19.75633,17.14806,14.941619,13.062291,11.457961,10.081419,8.897439,7.836162,44.550584,39.746681,35.555998,31.877043,28.641132,25.772872,23.233715,20.945559,18.903333,17.08087,15.45734,14.006744,12.711,11.547969,10.505614,9.570061,8.726583,7.967134,7.276837,6.649526,6.078349,5.562057,5.093306,4.671413,4.287995,3.939223,3.622234,3.333601,3.070482,2.829048,2.60841,2.40532,2.217661,2.046066,1.889322,1.745795,1.613603,1.492545,1.381502,1.279188,1.185438,1.098899,1.019281
Sn,50,###,###,###,###,###,###,10365.79287,6818.810444,4365.360879,2849.207353,1937.278249,1326.377572,940.581637,684.255246,495.85555,358.931726,921.916183,942.387194,846.181332,666.356323,526.635434,419.102782,336.58494,272.909688,222.97755,182.992646,149.756748,123.222276,102.115587,85.186139,71.515164,60.382977,51.266852,43.708517,37.455958,32.220662,27.801079,24.043292,20.828794,18.09003,15.759462,13.775073,12.081491,10.62847,9.378625,8.250887,7.265342,41.219213,36.833037,32.995494,29.645811,26.685584,24.072,21.731549,19.642429,17.754827,16.072405,14.567902,13.222918,12.014406,10.931162,9.958794,9.081603,8.291414,7.579495,6.937043,6.347012,5.80899,5.320392,4.880516,4.480689,4.116944,3.78629,3.485199,3.210676,2.95874,2.728466,2.516436,2.320437,2.141191,1.977457,1.827508,1.689384,1.562877,1.446824,1.339904,1.241917,1.151435,1.06817
Sb,51,###,###,###,###,###,###,10933.26785,7167.739872,4603.881662,3008.726547,2046.604092,1412.632805,1000.535276,726.461663,529.013146,383.394323,283.482626,1003.05876,882.719651,697.158605,553.224427,440.857234,354.079621,287.002533,234.678602,192.817372,158.041565,130.046484,107.738079,89.849485,75.406989,63.651813,54.056065,46.091529,39.489251,33.975126,29.356176,25.418752,22.060253,19.183032,16.718476,14.611639,12.813284,11.270497,9.943694,8.74831,7.704448,6.79374,38.442244,34.428962,30.925398,27.830203,25.098326,22.675562,20.516154,18.554892,16.804455,15.234468,13.831004,12.570143,11.439052,10.422935,9.506223,8.68037,7.93623,7.264617,6.651837,6.096794,5.589498,5.128352,4.709112,4.327633,3.980794,3.664911,3.376849,3.112342,2.870507,2.647781,2.441841,2.253482,2.081399,1.923786,1.778573,1.645551,1.523515,1.411107,1.308076,1.212907,1.125307
Te,52,###,###,###,###,###,###,10696.25579,7348.999639,4722.613823,3100.551163,2109.978593,1462.350736,1042.172645,755.049513,550.885606,401.036453,296.702657,754.51859,782.564101,712.032326,567.214925,453.121418,364.097794,295.101322,241.316618,198.475194,162.917457,134.170832,111.132622,92.644479,77.716657,65.57153,55.662117,47.462499,40.666347,34.978933,30.214405,26.212127,22.775943,19.842427,17.33232,15.14505,13.278404,11.677408,10.300915,9.062829,7.982152,7.039655,6.224841,35.104182,31.551579,28.400842,25.610387,23.13071,20.921408,18.942377,17.169901,15.566892,14.134163,12.847393,11.693335,10.656816,9.721617,8.879017,8.11942,7.433564,6.810057,6.247415,5.732272,5.262916,4.835459,4.444541,4.089056,3.76521,3.469836,3.198684,2.950765,2.722449,2.511377,2.318272,2.141798,1.98012,1.831138,1.694636,1.569368,1.453912,1.348063,1.250286,1.160275
I,53,###,###,###,###,###,###,10228.59783,7648.740166,5124.910008,3373.526707,2292.597328,1587.079696,1138.583011,825.608622,601.789149,440.555004,326.328386,245.987757,858.69863,766.392681,610.928283,489.647245,393.979602,319.419915,261.187577,215.010346,176.775154,145.826814,120.794312,100.670239,84.409098,71.182224,60.395261,51.473847,44.097779,37.934307,32.76081,28.407453,24.710186,21.550184,18.841297,16.503513,14.476062,12.728769,11.226679,9.877956,8.701138,7.675014,6.788311,6.018172,33.822518,30.45147,27.465486,24.810873,22.445418,20.332058,18.440806,16.7362,15.206463,13.825034,12.585659,11.472146,10.466919,9.560797,8.743838,8.006105,7.335228,6.729649,6.177872,5.679176,5.223325,4.801884,4.418578,4.069376,3.75082,3.458321,3.190834,2.944421,2.716536,2.508019,2.317471,2.142872,1.981941,1.834459,1.699104,1.574389,1.460031,1.354367,1.257074
Xe,54,###,###,###,###,###,###,10820.99611,8014.850141,5386.443131,3541.55341,2408.493087,1660.595914,1189.907268,868.206579,631.707843,462.865487,344.885934,259.927559,651.52268,686.877601,631.633302,507.782302,409.462626,332.218856,271.67964,223.624774,184.214839,152.167121,126.248956,105.171312,88.151834,74.297069,62.999726,53.661067,45.945015,39.509394,34.124042,29.582808,25.733861,22.454923,19.651221,17.231661,15.136009,13.321778,11.748213,10.337186,9.106421,8.033539,7.106355,6.301124,5.60128,31.350922,28.279622,25.549586,23.116769,20.944018,19.004244,17.269151,15.704248,14.281581,13.004395,11.856203,10.81914,9.883909,9.040487,8.278678,7.58577,6.960178,6.390511,5.876198,5.406717,4.975363,4.582658,4.221268,3.891471,3.588585,3.311546,3.056297,2.820206,2.604144,2.406611,2.225588,2.058754,1.905865,1.765513,1.636108,1.517437,1.407784,1.306811
Cs,55,###,###,###,###,###,###,11711.17204,8521.858219,5778.075759,3814.066977,2597.632588,1789.850473,1279.364944,935.186942,682.994972,500.300678,374.432469,283.682021,217.876293,741.404625,667.957643,537.550117,434.746149,353.19123,288.931774,237.826897,195.973764,162.21681,134.792107,112.424345,94.197187,79.367806,67.272186,57.273444,49.014062,42.12788,36.369992,31.534322,27.429891,23.946555,20.978255,18.410257,16.194131,14.271146,12.593233,11.083193,9.765251,8.616402,7.623534,6.761168,6.01172,5.355931,29.71804,26.883756,24.349655,22.062541,20.019044,18.186998,16.542673,15.058178,13.718509,12.508112,11.415247,10.429948,9.541413,8.738865,8.008799,7.349568,6.749128,6.206884,5.712685,5.261674,4.850704,4.469719,4.121876,3.801937,3.509096,3.239214,2.989514,2.76096,2.552078,2.360614,2.18409,2.02227,1.873691,1.736666,1.610984,1.494853,1.387906
Ba,56,###,###,###,###,###,###,12286.79874,8318.967691,5877.490765,3993.445027,2718.413264,1875.265425,1338.658807,976.596628,716.870112,524.909957,392.343737,298.994494,230.603993,561.430855,598.777071,554.667446,449.77983,366.04353,299.591463,246.595344,203.170913,168.406576,140.153762,117.100063,98.150402,82.664729,70.040578,59.605601,50.985247,43.799963,37.794923,32.755393,28.492089,24.876564,21.799594,19.157828,16.864072,14.87502,13.148018,11.57828,10.204866,9.00602,7.96951,7.069044,6.286416,5.601931,5.00372,27.612237,25.028347,22.689048,20.596883,18.717586,17.033242,15.515997,14.144571,12.903558,11.780081,10.764975,9.849313,9.022059,8.269359,7.589544,6.970235,6.41081,5.900899,5.435483,5.011351,4.622197,4.266629,3.937043,3.634436,3.355543,3.097511,2.861282,2.645294,2.44728,2.264703,2.097313,1.943591,1.8018,1.671721,1.551495,1.44075
La,57,###,###,###,###,###,###,13034.33734,7660.95455,6017.024951,4226.00676,2887.656351,1992.114599,1424.137861,1038.705597,763.66763,561.329091,419.136414,319.03413,246.8793,192.406267,639.403457,586.49641,474.513165,386.287388,316.437707,260.607836,214.733857,177.98564,148.489484,124.255712,104.341109,87.880447,74.437646,63.334398,54.163652,46.518079,40.128574,34.766619,30.233382,26.389556,23.12021,20.321996,17.906106,15.811716,13.988958,12.336778,10.885894,9.610869,8.506453,7.546374,6.71178,5.981745,5.34364,4.783822,26.225649,23.795087,21.614614,19.648997,17.886178,16.297025,14.866476,13.576972,12.402293,11.335527,10.372988,9.503155,8.711484,7.996265,7.344577,6.755762,6.219007,5.729028,5.282471,4.874477,4.501559,4.155887,3.838409,3.545201,3.273174,3.024086,2.796266,2.587371,2.394727,2.218079,2.055832,1.906171,1.76885,1.641932,1.525015
Ce,58,###,###,###,###,###,###,2223.61089,8291.249857,6423.919447,4507.222844,3089.947,2134.274508,1525.02836,1110.629495,815.206178,601.687536,448.972177,341.135824,263.81723,206.314696,495.82649,535.55796,501.336629,409.191153,335.44547,276.264537,227.60065,188.631077,157.404414,131.971291,111.006616,93.637882,79.323569,67.473389,57.692619,49.541434,42.726618,37.008825,32.175334,28.078158,24.594487,21.613715,19.056075,16.841534,14.912329,13.171699,11.6385,10.283075,9.10446,8.078392,7.18542,6.404243,5.721372,5.122617,4.594441,24.990585,22.732295,20.683301,18.838624,17.16698,15.662252,14.305946,13.073276,11.955814,10.944212,10.027537,9.193266,8.439594,7.752854,7.132401,6.566702,6.050159,5.579327,5.149043,4.755702,4.393303,4.061072,3.752942,3.465447,3.202161,2.961373,2.740553,2.536869,2.35006,2.178462,2.020177,1.87492,1.740639,1.616916
Pr,59,###,###,###,###,###,###,2330.791949,8937.104366,6399.500102,4761.728352,3286.540624,2272.921006,1624.019593,1183.590844,868.37291,641.137234,480.118599,364.473674,281.54069,220.689163,174.2644,571.481803,529.149776,432.556462,355.347674,292.840758,241.289759,199.9849,166.887921,140.173213,118.064124,99.789457,84.612755,71.981273,61.540556,52.843044,45.575382,39.472337,34.312889,29.940193,26.222955,23.042246,20.313986,17.959567,15.921142,14.073544,12.448624,11.018578,9.762752,8.665579,7.708257,6.870632,6.13829,5.496068,4.929542,4.429797,23.910098,21.774468,19.844924,18.092398,16.512757,15.087091,13.796337,12.629637,11.567888,10.601558,9.721647,8.926332,8.201543,7.546642,6.949408,6.403925,5.906624,5.45206,5.03645,4.65417,4.303858,3.979382,3.677244,3.400295,3.144867,2.910603,2.69451,2.496313,2.31423,2.146223,1.992035,1.849507,1.718186
Nd,60,###,###,###,###,###,###,2413.069433,9450.331295,5832.668084,4699.596167,3422.129082,2372.77496,1695.487457,1236.179145,906.875227,669.305285,503.030224,381.637562,294.491469,230.910495,182.872212,433.826518,475.520888,448.166209,368.871514,304.441554,251.006123,208.04225,173.599512,145.808298,123.091073,104.196539,88.499719,75.333521,64.404092,55.29976,47.693435,41.310258,35.910095,31.332368,27.440806,24.111598,21.255661,18.793544,16.666124,14.743972,13.05398,11.566796,10.260231,9.11648,8.112094,7.231889,6.46121,5.785314,5.189082,4.663489,4.198313,22.468097,20.505733,18.717855,17.096381,15.6243,14.289245,13.080825,11.985063,10.990623,10.082636,9.259642,8.509451,7.831421,7.21302,6.64825,6.133257,5.662506,5.232003,4.835787,4.47258,4.137473,3.827203,3.542434,3.276612,3.032793,2.807902,2.601634,2.412119,2.237247,2.076741,1.928321,1.791538
Pm,61,###,###,###,###,###,###,2544.646199,10280.72196,6246.549871,4948.727857,3603.786369,2531.699972,1804.839948,1313.55845,962.022325,709.022289,533.318148,407.870269,314.788324,246.368657,195.308075,467.823662,509.896714,473.051337,389.648053,322.052815,265.765974,220.271538,183.774009,154.328911,130.385749,110.515206,94.02487,80.158754,68.577799,58.885108,50.787253,43.993416,38.248881,33.37896,29.237616,25.691828,22.648784,20.024996,17.757847,15.724525,13.934163,12.351884,10.972365,9.763654,8.690085,7.748593,6.923726,6.19946,5.560381,4.996943,4.498442,4.057363,21.531551,19.672402,17.979844,16.439918,15.041285,13.773735,12.626895,11.587869,10.636018,9.770337,8.980823,8.266752,7.615359,7.020344,6.477677,5.981487,5.527644,5.1099,4.726905,4.373501,4.046264,3.745938,3.468174,3.213159,2.976197,2.757843,2.557208,2.372076,2.202134,2.044971,1.900117
Sm,62,###,###,###,###,###,###,2612.734593,1752.977756,6501.485819,5121.273865,3678.842258,2594.992512,1858.591157,1352.192428,990.51591,729.737921,548.36519,419.653235,324.845502,253.949285,201.41184,161.119943,378.693815,418.939856,398.149378,329.629442,272.332958,225.917912,188.481877,158.250913,133.675309,113.527538,96.693644,82.560496,70.710426,60.727315,52.377659,45.37212,39.449106,34.427441,30.156992,26.502561,23.365054,20.658868,18.319519,16.222391,14.38103,12.761874,11.343149,10.099883,9.004041,8.036162,7.182732,6.431597,5.768424,5.183714,4.666439,4.208838,3.802664,16.584794,18.299345,16.756786,15.34411,14.055181,12.886414,11.825592,10.856919,9.978874,9.176272,8.447898,7.783393,7.176435,6.622784,6.11666,5.653646,5.227382,4.836501,4.475698,4.141474,3.834758,3.553665,3.295358,3.05384,2.830409,2.625026,2.435252,2.261031,2.099893,1.951359
Eu,63,###,###,###,###,###,###,2687.434956,1821.265633,6907.082287,5065.288554,3844.714112,2714.909298,1955.893176,1422.693813,1043.697147,769.018973,577.462758,441.585075,342.982648,268.152608,212.432116,170.349697,405.487228,426.629788,417.031134,345.796685,285.944638,237.445381,198.146132,166.345212,140.487103,119.305562,101.764555,87.01448,74.628084,64.164407,55.345719,47.945431,41.688442,36.383678,31.872327,28.01073,24.697202,21.83876,19.366357,17.148946,15.205792,13.503531,12.009248,10.699849,9.550843,8.532184,7.630909,6.835425,6.13236,5.510618,4.960602,4.474066,4.042355,3.657777,12.805287,17.483097,16.020317,14.682668,13.467645,12.363217,11.355232,10.442044,9.606238,8.84635,8.152697,7.518214,6.939357,6.410137,5.925912,5.480018,5.071061,4.693504,4.343696,4.022628,3.728328,3.457844,3.206519,2.974833,2.761321,2.562003,2.378998,2.209722,2.05367
Gd,64,###,###,###,###,###,###,2817.752612,1893.069666,7053.200967,5254.567561,3746.050289,2765.183361,2002.894231,1459.405605,1071.783578,790.354609,593.468493,453.477924,352.274177,276.340231,218.660597,175.27694,141.659285,330.432994,369.304723,353.676578,292.924767,243.401049,203.182593,170.532611,143.992718,122.256904,104.413441,89.361391,76.725079,66.06025,57.020592,49.401473,42.957663,37.494067,32.847647,28.870889,25.457592,22.513231,19.967246,17.681067,15.677227,13.921735,12.389882,11.048249,9.866454,8.823231,7.903628,7.082474,6.354587,5.711148,5.141681,4.637399,4.189955,3.79138,3.436351,9.6603,16.296138,14.951274,13.72399,12.604047,11.580433,10.651723,9.802703,9.032427,8.32831,7.681757,7.091767,6.552157,6.058331,5.603505,5.186277,4.800938,4.443755,4.115871,3.815311,3.539032,3.283646,3.048904,2.832189,2.628546,2.441515,2.268241,2.108353
Tb,65,###,###,###,###,###,###,2957.229416,1985.348116,7631.436816,4790.386667,3964.246983,2901.360821,2108.446142,1540.762795,1131.942032,835.278446,626.787223,478.275987,371.052146,291.710302,230.915518,184.829935,149.597035,352.231635,324.578882,370.533327,308.489478,256.687377,213.823657,179.2516,151.290123,128.407375,109.635019,93.928499,80.753318,69.602427,60.156838,52.119883,45.322621,39.559403,34.65797,30.461728,26.860754,23.754971,21.069901,18.657943,16.543364,14.690279,13.079019,11.668733,10.425599,9.329267,8.363603,7.502612,6.738812,6.057999,5.454941,4.919793,4.444994,4.022086,3.645497,3.309612,7.699187,15.586299,14.319852,13.157267,12.092145,11.123413,10.238304,9.436091,8.702604,8.028926,7.414036,6.851068,6.33577,5.861084,5.425563,5.023258,4.650277,4.307836,3.993854,3.705196,3.438343,3.193035,2.96688,2.756274,2.562657,2.38181,2.214167
Dy,66,###,###,###,###,###,###,3062.012304,2070.668421,5292.031809,5012.702929,3862.678482,2992.356288,2175.097571,1595.674806,1172.371652,866.543297,650.463236,496.085313,384.546252,302.478602,239.923686,191.901771,155.28241,126.631,293.632372,331.229842,319.169851,266.311873,221.485666,185.769916,156.798979,133.068552,113.593167,97.381526,83.781186,72.255105,62.523279,54.220109,47.160297,41.16609,36.067563,31.702554,27.956717,24.725836,21.932436,19.422985,17.222431,15.293296,13.615482,12.148635,10.86369,9.727572,8.72451,7.837367,7.050493,6.338102,5.707425,5.148709,4.652427,4.209683,3.815459,3.463869,3.148498,6.112852,14.717919,13.538212,12.451963,11.458951,10.550517,9.725657,8.971775,8.2809,7.650038,7.070276,6.539486,6.050482,5.601766,5.187221,4.802849,4.449895,4.126254,3.828665,3.553494,3.300488,3.067474,2.851981,2.653716,2.467719,2.294858
Ho,67,###,###,###,###,###,###,3198.436238,2168.617899,1431.766664,5281.756525,4056.274337,3107.620449,2259.649284,1663.498322,1223.172934,905.198595,680.007877,518.550155,401.640152,315.787359,251.116402,200.878106,162.437224,132.591157,309.726314,250.785364,329.716982,274.377604,229.894442,193.773374,163.858238,139.143724,118.760934,101.758982,87.562003,75.564591,65.388712,56.778942,49.401622,43.125755,37.78716,33.216442,29.293145,25.908737,22.982277,20.353165,18.047443,16.025781,14.267345,12.730725,11.387999,10.201434,9.154292,8.227006,7.404358,6.666146,6.009768,5.422355,4.900324,4.434306,4.019201,3.648851,3.316764,3.019236,4.884485,14.022869,12.910695,11.887215,10.948898,10.094152,9.312887,8.596927,7.94307,7.342661,6.792863,6.285981,5.820686,5.390775,4.99212,4.625991,4.290201,3.981395,3.695831,3.433243,3.191366,2.967646,2.761778,2.569937,2.392227
Er,68,###,###,###,###,###,###,3360.430751,2276.125539,1499.746828,5569.547296,4303.706035,3096.675704,2350.401306,1735.010517,1277.502783,946.443507,711.716008,542.505024,419.870839,329.817057,262.54089,210.363054,169.977235,138.78548,114.109838,263.169467,299.868936,286.702295,239.487515,201.849646,170.881944,145.154114,123.902193,106.16854,91.397399,78.937394,68.349223,59.385614,51.717564,45.171511,39.582095,34.795524,30.687007,27.142972,24.078759,21.32463,18.909567,16.79283,14.950701,13.340592,11.933247,10.693969,9.603727,8.634608,7.774146,7.008422,6.325193,5.708936,5.160844,4.671079,4.234245,3.844014,3.494163,3.180764,2.899661,3.875972,13.356892,12.311647,11.349324,10.467225,9.660318,8.919337,8.242503,7.622336,7.05426,6.529568,6.047519,5.601876,5.188332,4.808476,4.460103,4.139676,3.843302,3.570721,3.319608,3.087324,2.873546,2.675392,2.492315
Tm,69,###,###,###,###,###,###,3549.095854,2397.249425,1571.800647,5877.745597,3866.400374,3257.950741,2454.303692,1811.856291,1337.175704,990.60479,746.083891,569.269386,440.417792,345.680294,274.971861,221.019539,178.50942,145.679684,119.896019,274.514953,229.345811,303.913788,251.45843,210.821708,178.65256,151.881647,129.697473,111.146349,95.682156,82.672223,71.674692,62.282218,54.289651,47.448843,41.585162,36.558839,32.244297,28.521896,25.302558,22.40812,19.869991,17.645518,15.709986,14.018183,12.538831,11.237985,10.095021,9.080458,8.179631,7.377691,6.663294,6.022658,5.449381,4.932853,4.472185,4.060695,3.691382,3.360259,3.063491,2.796946,3.277954,12.794203,11.806404,10.893443,10.057295,9.286733,8.582812,7.937777,7.346866,6.801717,6.301029,5.837879,5.407763,5.012625,4.650187,4.316773,4.008336,3.724617,3.46321,3.221404,2.998827,2.792429,2.601679
Yb,70,###,###,###,###,###,###,3695.672681,2489.985876,1623.196309,4064.763409,4017.252016,3152.273557,2520.855015,1864.76826,1381.476877,1022.911547,771.243626,588.680279,455.284742,357.052645,283.797242,228.262852,184.711297,150.642143,124.077971,102.762392,231.708295,265.404796,256.404655,217.009273,184.301712,156.99462,134.130848,114.910242,98.854037,85.355341,73.990126,64.320138,56.094216,49.060579,43.030304,37.83232,33.369479,29.518801,26.188454,23.193804,20.567364,18.264938,16.262518,14.512401,12.981993,11.635424,10.451629,9.406734,8.479589,7.649872,6.912068,6.254358,5.664087,5.130274,4.653174,4.226131,3.842221,3.497543,3.18862,2.911151,2.65997,2.658875,12.071405,11.151402,10.305969,9.519219,8.800296,8.139903,7.534824,6.977168,6.46512,5.991201,5.550781,5.146104,4.774801,4.433175,4.117119,3.826358,3.558417,3.310525,3.082307,2.870639,2.674986
Lu,71,###,###,###,###,###,###,3871.384871,2607.922648,1694.976524,1148.010799,4185.666634,3295.219449,2500.85489,1935.813965,1441.292334,1067.762835,805.914975,615.17836,476.021117,373.045837,296.274459,238.181147,193.241499,157.626655,129.772592,107.310776,244.234384,198.246447,266.366272,225.340272,191.60233,163.55688,139.935061,119.962066,103.227674,89.139084,77.268954,67.222194,58.633317,51.305292,45.03716,39.609614,34.941669,30.912023,27.427191,24.291743,21.541329,19.129898,17.032793,15.200008,13.597611,12.18768,10.948162,9.855432,8.886079,8.020269,7.250091,6.563404,5.948822,5.395357,4.896897,4.447475,4.043995,3.682133,3.357355,3.065308,2.801006,2.563585,2.348254,11.555246,10.691724,9.879467,9.136941,8.451585,7.823556,7.247118,6.718516,6.228478,5.772106,5.352642,4.96687,4.611901,4.28346,3.981273,3.702773,3.445055,3.207775,2.987719,2.784313
Hf,72,###,###,###,###,###,###,4133.943541,2736.38857,1773.998971,1201.863011,4348.253677,3453.625959,2600.10774,2002.637472,1492.007624,1109.614103,837.122164,640.060697,495.130847,387.809365,307.635638,247.046118,200.594826,163.953147,134.916265,111.664278,133.534761,206.902535,239.583943,232.326429,197.676093,168.766569,144.616938,124.118289,106.854769,92.289359,80.00709,69.627908,60.749512,53.174474,46.697774,41.099412,36.263355,32.082405,28.465852,25.212717,22.358818,19.856124,17.679691,15.77763,14.114938,12.65168,11.365061,10.230954,9.225176,8.332209,7.536329,6.823551,6.187461,5.61709,5.102601,4.638024,4.219167,3.842207,3.503662,3.19907,2.923341,2.675588,2.450746,2.248743,10.962257,10.142307,9.3918,8.690392,8.047285,7.455213,6.91162,6.409329,5.943752,5.515456,5.118266,4.752767,4.414556,4.103359,3.816542,3.551133,3.306758,3.080119,2.870621
Ta,73,###,###,###,###,###,###,4381.208305,2878.141705,1862.463684,1260.792956,4527.195887,3078.991369,2545.361073,2080.461099,1551.337541,1159.16542,872.580693,668.446169,517.496184,405.05725,321.065265,257.600814,209.10652,171.221377,141.0209,116.694218,96.048304,217.528486,178.107488,234.298553,205.548227,175.507481,150.329376,129.009499,111.072877,95.936674,83.181062,72.40414,63.225337,55.373814,48.64238,42.847888,37.822756,33.469351,29.697662,26.303627,23.326263,20.715826,18.444944,16.460228,14.72554,13.199257,11.857487,10.674121,9.624626,8.694759,7.866173,7.124909,6.463353,5.870195,5.337186,4.857597,4.421806,4.027117,3.672975,3.354578,3.065923,2.806159,2.570517,2.358768,2.166478,10.46721,9.704735,8.983,8.320883,7.709545,7.147619,6.630048,6.152548,5.712922,5.30233,4.924442,4.574516,4.252384,3.95546,3.680646,3.427593,3.192913,2.975979
W,74,###,###,###,###,###,###,4626.77302,3028.823968,1953.128427,1320.545192,3158.440714,3203.321352,2650.80886,2073.875081,1606.867399,1203.965693,907.236857,694.874239,538.598696,421.853111,334.197939,267.907652,217.314929,178.10213,146.899725,121.558285,100.135016,229.885959,186.161404,216.278718,212.18434,181.493029,155.603605,133.698064,115.22942,99.567658,86.336801,75.147681,65.632275,57.494334,50.51671,44.513682,39.315996,34.806482,30.885671,27.356266,24.259855,21.544849,19.183782,17.120252,15.316029,13.728443,12.332684,11.102539,10.011663,9.044671,8.184238,7.417884,6.732004,6.114677,5.561898,5.066184,4.615688,4.20757,3.8394,3.506908,3.20556,2.934455,2.688363,2.467007,2.265809,2.083068,9.973762,9.241134,8.568465,7.94129,7.362617,6.830233,6.339898,5.888433,5.470098,5.084741,4.725299,4.392887,4.086471,3.802883,3.541728,3.299473,3.075498
Re,75,###,###,###,###,###,###,4860.96936,3201.734243,2064.745602,1392.455975,988.477288,3335.477435,2768.308991,2142.805513,1666.47574,1249.281502,945.377429,722.836193,561.296767,439.955577,348.446207,279.157924,226.275214,185.368374,153.255335,126.865975,104.492283,86.5328,194.518682,162.42332,190.614926,188.382741,161.367182,138.617212,119.506403,103.325503,89.637763,78.061462,68.207877,59.789197,52.570841,46.322267,40.934292,36.259388,32.185321,28.510551,25.284976,22.455888,19.995536,17.845227,15.965327,14.31146,12.857664,11.575769,10.438832,9.43096,8.534634,7.737698,7.024502,6.382749,5.808029,5.292576,4.826169,4.40501,4.022179,3.674284,3.35912,3.075721,2.818194,2.586173,2.37531,2.183818,2.009776,9.53306,8.848916,8.201232,7.600309,7.049134,6.543656,6.078388,5.654007,5.262567,4.893316,4.549438,4.232428,3.939019,3.668799,3.418101,3.186294
Os,76,###,###,###,###,###,###,5037.892489,3332.845608,2162.883573,1454.968411,1031.570418,3448.005452,2865.334372,2217.210438,1714.079692,1284.29216,976.886196,746.086761,579.843089,454.582452,360.090917,288.35116,233.566666,191.224108,158.098123,131.150761,108.016814,89.492933,200.725254,167.780849,196.929984,193.526948,165.918771,142.594489,123.003248,106.428195,92.356664,80.433481,70.280656,61.619104,54.20111,47.768607,42.223154,37.415252,33.231257,29.44034,26.110489,23.19013,20.649938,18.429629,16.488195,14.78014,13.27867,11.955157,10.781389,9.741271,8.816078,7.993099,7.258279,6.599299,6.007136,5.474296,4.994006,4.561604,4.168724,3.811762,3.486662,3.192731,2.925799,2.685566,2.467095,2.268308,2.087486,1.923131,9.040657,8.388289,7.782553,7.2223,6.702449,6.224102,5.788332,5.38647,5.011278,4.663951,4.342854,4.042138,3.765165,3.508221,3.27064
Ir,77,###,###,###,###,###,###,5225.170868,3556.250602,2356.128155,1567.993148,1102.338984,3616.192919,2559.353621,2167.540492,1781.22461,1336.435693,1017.059972,778.714205,604.201152,474.517232,376.470775,301.365641,243.926701,199.583115,164.91932,137.02742,112.954499,93.550083,78.091952,174.996276,146.981463,173.721826,172.413939,148.273864,127.939068,110.736222,96.143194,83.728261,73.157039,64.139057,56.422166,49.759483,43.988836,38.985671,34.64363,30.703407,27.237419,24.191572,21.542111,19.226334,17.201843,15.420653,13.854836,12.474052,11.249385,10.164513,9.199573,8.341472,7.576016,6.890547,6.27415,5.719126,5.219018,4.768878,4.361808,3.993306,3.655335,3.347584,3.068124,2.816669,2.587912,2.379573,2.19005,2.0176,1.860415,8.663382,8.052162,7.481318,6.944621,6.450537,5.996243,5.577486,5.189498,4.831987,4.501102,4.189816,3.903081,3.637024,3.390979
Pt,78,###,###,###,###,###,###,5492.241916,3721.713815,2525.037603,1680.794332,1172.204391,2564.258239,2667.025175,2254.664199,1765.289871,1377.791329,1052.33432,810.717182,628.171155,493.576488,391.694291,313.73913,253.854594,207.612119,171.474839,142.524846,117.704617,97.466625,81.325695,181.814145,152.716154,148.161002,178.118522,153.266579,132.333457,114.602666,99.596854,86.766022,75.818323,66.472608,58.477741,51.594975,45.620091,40.437827,35.943195,31.880978,28.29865,25.13366,22.380811,19.974539,17.870031,16.018699,14.391436,12.956813,11.684477,10.557074,9.554421,8.663001,7.867857,7.155839,6.51732,5.943879,5.425255,4.957039,4.53527,4.154652,3.805868,3.488553,3.199237,2.93731,2.699091,2.482434,2.285293,2.105693,1.941778,1.792323,8.253305,7.696404,7.172634,6.688099,6.224029,5.795784,5.387248,5.004302,4.65178,4.326884,4.027832,3.752527,3.499047
Au,79,###,###,###,###,###,###,5777.560231,3901.280247,2643.961147,1801.607397,1250.36981,891.320843,2795.893509,2348.953456,1841.119246,1431.68999,1092.152177,844.864466,654.963734,514.890103,408.637264,327.883614,265.336779,216.901945,179.076051,148.779908,123.057714,101.999017,85.061369,71.467855,159.248957,134.303399,160.019567,159.192963,137.561958,119.163101,103.590996,90.2975,78.916716,69.191839,60.871301,53.708248,47.512121,42.133751,37.453174,33.243313,29.528891,26.240824,23.369359,20.856536,18.65911,16.725727,15.026101,13.527897,12.199225,11.021598,9.974335,9.043316,8.213049,7.469827,6.804535,6.208092,5.667579,5.178801,4.73899,4.342433,3.980604,3.652871,3.352553,3.078607,2.829395,2.602631,2.396266,2.208365,2.036844,1.88023,1.736567,7.917723,7.362521,6.850417,6.375063,5.936407,5.526711,5.147256,4.796661,4.470592,4.169862,3.890147,3.630997
Hg,80,###,###,###,###,###,###,6028.291602,4048.946653,2729.376155,1876.467016,1321.663624,938.722671,2916.200339,2091.8329,1785.674517,1472.878279,1122.083,869.614723,677.190314,531.774859,422.504546,339.145616,274.82826,224.590947,185.357238,153.936983,127.322241,105.744969,88.191825,74.062292,164.791967,138.971819,117.891636,163.733461,141.593111,122.737295,106.705112,93.075563,81.37677,71.363978,62.788536,55.404601,49.035178,43.502485,38.674058,34.340104,30.521897,27.149936,24.183538,21.582166,19.307186,17.30606,15.547275,13.996101,12.620355,11.401046,10.316922,9.353516,8.494324,7.725132,7.036761,6.419771,5.862234,5.359189,4.904805,4.493816,4.120256,3.78324,3.47453,3.193203,2.936752,2.702047,2.488403,2.293944,2.116387,1.952769,1.802875,1.663703,7.537289,7.013573,6.528403,6.080587,5.662521,5.275377,4.917457,4.583849,4.27612,3.989812,3.724494
Tl,81,###,###,###,###,###,###,6262.24172,4198.508242,2813.936981,1942.697117,1366.644767,981.114728,2084.044108,2175.344136,1846.65996,1455.665776,1153.644136,893.990851,699.550688,549.087412,436.733098,350.199845,284.031872,232.338321,191.628425,159.060746,131.493162,109.325541,91.287044,76.655537,64.78974,143.509539,121.80345,145.872676,145.590361,126.321518,109.824913,95.807991,83.798501,73.507673,64.68024,57.078319,50.520492,44.830874,39.877096,35.413263,31.486806,28.033496,24.986932,22.309915,19.958011,17.888727,16.069651,14.466319,13.044514,11.784134,10.663377,9.667088,8.778635,7.983316,7.271679,6.633938,6.059296,5.541982,5.073118,4.64784,4.26181,3.914027,3.59648,3.30868,3.045485,2.80226,2.580848,2.379389,2.195425,2.025853,1.870479,1.726664,1.592881,7.161892,6.669371,6.214571,5.79003,5.396843,5.032968,4.69259,4.378545,4.086121,3.814993
Pb,82,###,###,###,###,###,###,6368.144118,4348.158585,2885.651912,1995.462241,1420.92277,1016.89346,757.116484,2269.949364,1921.357579,1509.797027,1192.318546,923.670286,724.975958,569.572266,452.120984,362.744078,294.243362,240.954072,198.879631,165.028531,136.378386,113.355256,94.823979,79.654164,67.319828,148.691089,126.352732,107.674442,129.789961,130.381157,113.450692,98.993983,86.6347,76.031488,66.918622,59.059613,52.278078,46.400083,41.292887,36.674212,32.613466,29.049121,25.916317,23.160438,20.718688,18.57035,16.681778,15.017331,13.541334,12.232345,11.06848,10.034079,9.111674,8.285998,7.547181,6.885069,6.288559,5.751628,5.266317,4.827083,4.427073,4.065469,3.736207,3.439138,3.167426,2.91659,2.688083,2.478683,2.28741,2.111049,1.949423,1.799813,1.660549,1.533268,6.850648,6.383961,5.949038,5.546606,5.174034,4.825216,4.503312,4.203299,3.924975
Bi,83,###,###,###,###,###,###,6664.81528,4527.318587,2990.012834,2059.05119,1481.119716,1058.873452,786.766343,2375.2548,2014.106099,1471.076159,1235.017059,955.911044,750.923414,592.758244,470.222141,377.459057,305.947686,250.604714,207.070854,171.863635,141.990117,117.983921,98.7807,83.077121,70.21912,59.687387,131.462979,112.051534,135.08828,135.159208,117.778568,102.781741,89.96107,78.971748,69.53071,61.369702,54.327432,48.224516,42.92393,38.137419,33.924453,30.218106,26.979522,24.132035,21.600041,19.365973,17.396977,15.660676,14.120847,12.756347,11.542926,10.464027,9.501936,8.640718,7.870157,7.179646,6.557602,5.997725,5.493173,5.037609,4.621276,4.243563,3.900008,3.590601,3.308067,3.049086,2.812928,2.594009,2.393983,2.209653,2.040747,1.88437,1.738781,1.605552,1.484013,6.578908,6.13303,5.72021,5.337973,4.980476,4.650406,4.341916,4.055252
Po,84,###,###,###,###,###,###,6969.039284,4731.378612,3121.98536,2148.840375,1552.126133,1121.465493,832.229204,2518.323602,1806.662122,1551.607792,1244.201037,1000.602168,785.368358,622.20089,493.968465,396.443797,321.272735,263.126188,217.413466,180.590408,149.20512,123.923374,103.707884,87.354619,73.861106,62.793227,137.939593,117.726672,100.809505,122.234364,123.163895,107.587114,94.192858,82.70838,72.84957,64.316367,56.946157,50.556411,45.005598,40.014145,35.611586,31.720151,28.328343,25.350595,22.715661,20.376534,18.303598,16.475646,14.854629,13.418374,12.141371,11.00641,9.99407,9.087525,8.276518,7.549859,6.895315,6.306237,5.775826,5.297253,4.860472,4.464754,4.10407,3.778176,3.48104,3.210273,2.963234,2.734454,2.525284,2.331506,2.153563,1.988784,1.835328,1.694887,1.566805,1.449506,6.379535,5.95092,5.554082,5.183654,4.841544,4.521365,4.223592
At,85,###,###,###,###,###,###,7204.002608,4944.740253,3264.057944,2242.859051,1616.804156,1176.157423,872.300751,1821.002151,1889.713361,1626.061795,1299.842154,1044.045298,817.310356,648.15895,516.10223,413.969772,335.673501,274.739285,227.07174,188.620423,155.808172,129.383318,108.225005,91.178307,77.202432,65.626438,56.122708,122.82375,105.294608,90.490084,127.997786,111.973785,98.074814,86.134755,75.884225,67.020144,59.35089,52.698039,46.918395,41.734006,37.158777,33.108778,29.57084,26.466946,23.739521,21.310955,19.152821,17.241439,15.54462,14.041253,12.704488,11.516098,10.456447,9.507962,8.659359,7.898947,7.213966,6.597474,6.042461,5.541752,5.085965,4.674151,4.297861,3.956564,3.645506,3.362496,3.104244,2.867197,2.650311,2.447824,2.261316,2.088659,1.927949,1.780838,1.646766,1.523825,1.410594,6.151485,5.743655,5.362746,5.010815,4.681473,4.375131
Rn,86,###,###,###,###,###,###,7118.711477,4806.454582,3233.711964,2219.12938,1596.007278,1176.174909,875.990117,663.615306,1882.634947,1623.194355,1214.696579,990.86994,808.899454,641.393312,512.053299,410.899024,333.29852,272.647644,225.294683,187.125971,154.624522,128.437078,107.407341,90.441641,76.649603,65.18579,55.744476,121.584459,104.426845,89.78806,109.485402,110.532161,96.889505,85.140669,75.032005,66.299878,58.731707,52.159843,46.445663,41.31775,36.800388,32.81546,29.314045,26.238913,23.5455,21.153306,19.03211,17.136556,15.450007,13.955298,12.626343,11.44511,10.391746,9.448761,8.60518,7.849358,7.168574,6.555906,6.004243,5.506489,5.054068,4.645928,4.272846,3.934284,3.625515,3.344001,3.087119,2.852821,2.63837,2.438065,2.253475,2.082174,1.922205,1.775751,1.642212,1.519749,1.406975,1.303709,5.644786,5.271373,4.926171,4.603542,4.303617
Fr,87,###,###,###,###,###,###,7404.303405,5025.917835,3373.80744,2313.671576,1661.282147,1220.810857,921.981048,697.514156,1987.380807,1447.508416,1267.544929,1030.245119,842.245485,666.56482,533.006918,428.424256,347.457147,284.450742,234.928631,195.148222,161.235406,133.916353,112.038817,94.317706,79.917288,68.047372,58.195988,49.981428,108.703726,93.65461,80.814979,99.496162,100.699912,88.547041,78.047602,68.972947,61.117227,54.293479,48.353121,43.02036,38.330231,34.206245,30.563624,27.359137,24.550704,22.068739,19.877611,17.908412,16.152975,14.5906,13.201174,11.96541,10.863888,9.878382,8.996573,8.206335,7.494543,6.853964,6.277232,5.756906,5.283953,4.857275,4.467989,4.11584,3.794208,3.49964,3.230842,2.986203,2.762254,2.554253,2.362883,2.184343,2.016415,1.862686,1.722585,1.594106,1.47583,1.367479,1.268004,5.450382,5.093722,4.76066,4.451209
Ra,88,###,###,###,###,###,###,7449.015113,5439.669562,3704.939117,2498.367739,1768.428693,1285.02653,968.065245,730.269934,1425.083722,1499.729475,1313.132667,1001.220389,866.747813,685.577386,548.364228,441.927005,358.46719,293.700567,242.475517,201.444095,166.462298,138.193242,115.592386,97.325831,82.438164,70.244241,60.098392,51.605017,111.954295,96.607069,83.405187,102.205966,103.487635,91.104681,80.359218,71.028239,62.953717,55.940251,49.834486,44.345553,39.516573,35.270187,31.534395,28.246602,25.347764,22.791549,20.53931,18.523243,16.725514,15.108203,13.670042,12.391339,11.25118,10.230663,9.317689,8.499662,7.762798,7.099619,6.502513,5.963778,5.47414,5.032454,4.630076,4.267017,3.935021,3.629889,3.351424,3.097886,2.865772,2.651245,2.454169,2.27018,2.097007,1.938355,1.792983,1.659639,1.536878,1.424405,1.321051,1.22582,5.213871,4.874847,4.559634
Ac,89,###,###,###,###,###,###,7561.575981,5482.200072,3810.574107,2582.780397,1827.70986,1325.950621,999.462948,759.940558,569.008584,1570.987713,1375.768043,1043.445912,859.317391,709.408885,567.950349,458.951741,372.677954,305.338778,252.243793,209.58756,173.283716,143.902085,120.322003,101.32263,85.842366,73.129869,62.633817,53.809747,46.435311,100.447657,86.890869,75.259584,92.849115,94.505682,83.447809,73.77943,65.402876,58.126538,51.795843,46.099923,41.086583,36.675958,32.814101,29.414438,26.398163,23.737959,21.39374,19.313207,17.459665,15.778398,14.281482,12.946626,11.756221,10.69054,9.737278,8.883251,8.113831,7.421247,6.797644,6.23498,5.723507,5.262047,4.841674,4.462424,4.115899,3.798517,3.508737,3.243574,3.000774,2.776619,2.570761,2.378953,2.198937,2.033876,1.881378,1.741494,1.612703,1.494698,1.386291,1.286489,1.194854,5.037009,4.71173
Th,90,###,###,###,###,###,###,7841.397531,5655.54467,3935.660866,2721.899608,1913.390372,1375.358405,1029.423509,784.957419,587.030043,1638.603342,1202.408938,1065.39243,877.018594,723.942299,579.926847,468.978152,381.218115,312.183471,258.011137,214.333966,177.338232,147.280718,123.09852,103.612784,87.797264,74.801634,64.103654,55.098239,47.543642,102.46154,88.883759,77.030665,66.9224,96.203744,85.043739,75.235782,66.718322,59.313168,52.869216,47.066596,41.956463,37.45767,33.525676,30.065428,26.995872,24.281869,21.884761,19.767403,17.882645,16.177687,14.654789,13.286363,12.065921,10.973272,9.995592,9.119436,8.330122,7.619656,6.979923,6.402677,5.877923,5.404457,4.973085,4.583839,4.228473,3.904127,3.60786,3.335553,3.086165,2.855918,2.644448,2.447968,2.264311,2.095779,1.939384,1.795871,1.663405,1.541836,1.43015,1.327345,1.232924,1.145721,4.776935
Pa,91,###,###,###,###,###,###,8259.735786,5933.810429,4150.884875,2903.497927,2032.015512,1453.684894,1082.46159,824.674245,617.851156,1155.089229,1299.48457,1127.296722,860.571079,753.424009,604.467724,490.040322,399.718495,327.388507,270.580423,224.73748,185.850363,154.434977,129.108534,108.622056,91.999759,78.383827,67.163432,57.763868,49.873277,52.618877,93.107211,80.792538,70.237414,87.160145,88.879039,78.711881,69.829986,62.092022,55.355619,49.302859,43.966805,39.258115,35.141161,31.520965,28.325092,25.487692,22.972182,20.750003,18.77294,17.006351,15.422135,13.985481,12.703179,11.553945,10.525543,9.603852,8.773414,8.025844,7.352597,6.745028,6.192706,5.694368,5.2403,4.830545,4.456547,4.115624,3.804147,3.518032,3.255929,3.013473,2.790609,2.583835,2.39095,2.213901,2.050333,1.900118,1.760721,1.632354,1.514401,1.405825,1.306084,1.213912,1.128945
U,92,###,###,###,###,###,###,8326.576216,5969.831076,4207.797119,2955.426542,2071.626517,1480.742252,1099.193772,836.06801,628.881919,1040.070392,1344.42183,1168.650811,873.492618,723.915329,605.906955,492.426492,403.309723,331.218631,273.741005,227.390427,187.996384,156.33158,130.735579,109.983272,93.124557,79.332645,67.989308,58.516077,50.555294,43.801235,94.056478,81.794972,71.158592,62.059674,77.572517,79.480124,70.554445,62.758784,55.954755,49.868796,44.496391,39.739446,35.576496,31.91799,28.703416,25.838042,23.288612,21.035548,19.031418,17.25253,15.65712,14.211871,12.916426,11.748684,10.703781,9.767352,8.923538,8.163846,7.479669,6.862216,6.300861,5.79433,5.332759,4.916203,4.53596,4.189295,3.872546,3.582653,3.317008,3.070628,2.843907,2.63348,2.4371,2.256863,2.091716,1.939936,1.798431,1.66773,1.547569,1.436736,1.334912,1.240817,1.154089
