"Jump ratios as computed from the Chantler 2005",,,,"http://physics.nist.gov/PhysRefData/FFast/Text/cover.html"
,,,,,,,,,,,,,,,,"Springer 1967"
,,"K","L1","L2","L3","M1","M2","M3","M4","M5",,"All K","All L","All M",,"All K","All L","All M"
"H",1,,,,,,,,,,,1,1,1,,12.9132,2.20114,2
"He",2,,,,,,,,,,,1,1,1,,12.6775,2.19," "
"Li",3,48.3369,,,,,,,,,,48.3369,1,1,,12.4502,2.17898,2
"Be",4,38.5279,,,,,,,,,,38.5279,1,1,,12.2309,2.16807,2
"B",5,26.8689,1.24508,,,,,,,,,26.8689,1.24508,1,,12.0192,2.15726,2
"C",6,22.0932,1.10201,,,,,,,,,22.0932,1.10201,1,,11.8147,2.14657,2
"N",7,20.0421,1.05658,,,,,,,,,20.0421,1.05658,1,,11.6171,2.13598,2
"O",8,18.5801,1.03311,,,,,,,,,18.5801,1.03311,1,,11.426,2.12549,2
"F",9,17.4294,1.02493,,,,,,,,,17.4294,1.02493,1,,11.241,2.1151,2
"Ne",10,15.8185,1.01845,,,,,,,,,15.8185,1.01845,1,,11.0619,2.10482,2
"Na",11,11.4753,1.03726,,,,,,,,,11.4753,1.03726,1,,10.8885,2.09464,2
"Mg",12,13.0266,1.07137,,,,,,,,,13.0266,1.07137,1,,10.7204,2.08455,2
"Al",13,12.275,1.09514,,22.5121,,,,,,,12.275,24.653901194,1,,10.5574,2.07456,2
"Si",14,11.7734,1.09683,,19.6349,,,,,,,11.7734,21.536147367,1,,10.3993,2.06467,2
"P",15,11.3194,1.09908,,19.7742,,3.00974,,,,,11.3194,21.733427736,3.00974,,10.2459,2.05486,2
"S",16,10.7921,1.10181,,17.906,,1.9987,,,,,10.7921,19.72900986,1.9987,,10.0969,2.04516,2
"Cl",17,10.1703,1.1,1.43682,11.0974,,,,,,,10.1703,17.5394628948,1,,9.95223,2.03554,2
"Ar",18,9.75281,1.10125,1.43047,10.1275,,,,,,,9.75281,15.9539022736563,1,,9.81162,2.02601,2
"K",19,9.5623,1.11498,1.42409,8.3431,1.01741,,,,,,9.5623,13.2474400595794,1.01741,,9.67492,2.01658,2
"Ca",20,9.44142,1.11468,1.41867,7.66201,1.33372,,,,,,9.44142,12.116419698878,1.33372,,9.54198,2.00723,2
"Sc",21,9.24907,1.11768,1.41603,7.35732,1.43097,,,,,,9.24907,11.6441979492041,1.43097,,9.41265,1.99796,2
"Ti",22,9.06408,1.12059,1.41571,7.24266,1.45376,,,,,,9.06408,11.4899764998833,1.45376,,9.28678,1.98878,2
"V",23,8.87859,1.12079,1.41262,6.8839,1.11345,,2.10849,,,,8.87859,10.8989372206662,2.3476981905,,9.16422,1.97969,2
"Cr",24,8.65832,1.11854,1.4181,6.88545,1.076,,2.28165,,,,8.65832,10.9217116276983,2.4550554,,9.04486,1.97068,2
"Mn",25,8.45794,1.12184,1.41735,6.4559,1.06879,,1.47951,4.86656,,,8.45794,10.2651387453516,7.69542072832742,,8.92857,1.96175,2
"Fe",26,8.23916,1.12325,1.41939,6.3305,1.06003,,1.33901,,,,8.23916,10.0929049096838,1.4193907703,,8.81523,1.9529,2
"Co",27,8.02538,1.11783,1.42164,6.147,1.05936,,1.25598,,,,8.02538,9.7685163678564,1.3305349728,,8.70474,1.94413,2
"Ni",28,7.80729,1.12019,1.41371,5.91126,1.04975,,1.19228,,,,7.80729,9.36121205295317,1.25159593,,8.59697,1.93543,2
"Cu",29,7.59714,1.10063,1.41022,6.14725,1.0574,,1.46612,,,,7.59714,9.54133383868385,1.550275288,,8.49185,1.92682,2
"Zn",30,7.59224,1.12849,1.42144,5.71139,1.03609,,1.14347,,,,7.59224,9.16153118652358,1.1847378323,,8.38926,1.91828,2
"Ga",31,7.55135,1.12974,1.41865,5.47985,1.03488,1.01376,1.03654,,,,7.55135,8.78258656163235,1.08745479172915,,8.28912,1.90982,2
"Ge",32,7.49888,1.13534,1.4172,5.34061,1.03397,1.00944,1.02768,,,,7.49888,8.59306204066728,1.07262114193382,,8.19135,1.90143,2
"As",33,7.4331,1.13998,1.41616,5.23109,1.03421,1.01055,1.0306,,,,7.4331,8.44504071120771,1.0771016155143,,8.09585,1.89311,2
"Se",34,7.34962,1.14414,1.41496,5.11937,1.03461,1.01303,1.03795,,,,7.34962,8.28781123735733,1.08786602054699,,8.00256,1.88487,2
"Br",35,7.36726,1.14534,1.41246,4.96199,1.03436,1.01639,1.04775,1.6373,,,7.36726,8.02724412094744,1.80350783056464,,7.91139,1.8767,2
"Kr",36,7.15543,1.14694,1.40982,4.79503,1.03408,1.01976,1.05801,,,,7.15543,7.75346257845452,1.11568574434061,,7.82228,1.8686,2
"Rb",37,7.07505,1.13421,1.39312,4.76158,1.03605,1.0226,1.06551,1.68295,,,7.07505,7.52372796675562,1.89983221157683,,7.73515,1.86057,2
"Sr",38,6.86541,1.13651,1.3799,4.29315,1.03351,1.02692,1.07633,1.30621,1.77425,,6.86541,6.73281899017935,2.6474304442805,,7.64994,1.85261,2
"Y",39,6.7456,1.1411,1.37907,4.23413,1.03367,1.03064,1.09229,1.36979,2.12676,,6.7456,6.66306736919901,3.38999719119463,,7.56659,1.84471,2
"Zr",40,6.62457,1.13613,1.37715,4.10483,1.03379,1.03363,1.09657,1.39605,2.32218,,6.62457,6.42250498245449,3.79866194645999,,7.48503,1.83688,2
"Nb",41,6.5028,1.13324,1.37479,3.9582,1.03278,1.03603,1.10372,1.35555,2.02298,,6.5028,6.16674505698072,3.23851709024886,,7.40521,1.82912,2
"Mo",42,6.38068,1.13288,1.37147,3.80392,1.03248,1.03778,1.11446,1.31272,1.798,,6.38068,5.91019209453971,2.81846872073053,,7.32708,1.82143,2
"Tc",43,6.28989,1.13204,1.36919,3.70323,1.04244,1.03985,1.1157,1.43797,2.74141,,6.28989,5.73992446456775,4.76752539432906,,7.25058,1.8138,2
"Ru",44,6.19112,1.13267,1.37324,3.54717,1.0396,1.04068,1.11899,1.32746,1.86478,,6.19112,5.51736665480524,2.99680669780799,,7.17566,1.80623,2
"Rh",45,6.09651,1.13279,1.35733,3.4297,1.03213,1.04195,1.12303,1.34278,1.94365,,6.09651,5.27340331694579,3.15206790632935,,7.10227,1.79872,2
"Pd",46,6.00079,1.13056,1.33796,3.22997,1.03188,1.04376,1.12941,1.37284,2.0889,,6.00079,4.88579492672627,3.48834192490363,,7.03037,1.79128,2
"Ag",47,5.91424,1.13261,1.34647,3.28656,1.03149,1.04308,1.12806,1.37096,2.12326,,5.91424,5.01208743491275,3.53299320369276,,6.95991,1.7839,2
"Cd",48,5.82587,1.13438,1.35626,3.35478,1.03259,1.04402,1.13007,1.49361,3.61986,,5.82587,5.16137673094586,6.58674826977282,,6.89085,1.77658,2
"In",49,5.78266,1.13646,1.36936,3.4062,1.03266,1.04323,1.12531,1.52999,4.58532,,5.78266,5.30080632480672,8.50487319045851,,6.82314,1.76932,2
"Sn",50,5.74493,1.1377,1.37335,3.40252,1.03237,1.04178,1.13022,1.54977,5.55108,,5.74493,5.3163024029434,10.4572891212975,,6.75676,1.76211,2
"Sb",51,5.70108,1.13813,1.37423,3.36678,1.0319,1.04167,1.12166,1.56044,6.33327,,5.70108,5.26582030526752,11.915275253993,,6.69165,1.75497,2
"Te",52,5.65206,1.14448,1.37461,3.31131,1.03186,1.04222,1.12331,1.56201,6.49899,,5.65206,5.20939810065317,12.2633601851886,,6.62778,1.74789,2
"I",53,5.60673,1.13836,1.37246,3.26014,1.03222,1.04448,1.12611,1.55991,6.0648,,5.60673,5.09349135335518,11.4860112912369,,6.56513,1.74086,2
"Xe",54,5.56063,1.13882,1.37131,3.21062,1.03254,1.05377,1.12726,1.5526,5.47605,,5.56063,5.0139458046396,10.4280666611182,,6.50364,1.73388,2
"Cs",55,5.48891,1.13804,1.36903,3.13415,1.0395,1.05658,1.15429,1.52999,4.73581,,5.48891,4.88303986599598,9.18596264661505,,6.4433,1.72697,2
"Ba",56,5.43711,1.13773,1.36738,3.07627,1.03432,1.05374,1.14571,1.52067,4.36389,,5.43711,4.7857816864992,8.28651394250725,,6.38407,1.7201,2
"La",57,5.38115,1.13712,1.35748,2.98269,1.03413,1.053,1.14938,1.4982,4.14481,,5.38115,4.60413295114694,7.77215698374247,,6.32591,1.7133,2
"Ce",58,5.31632,1.13732,1.35629,2.99568,1.03443,1.05407,1.15146,1.50064,4.17451,,5.31632,4.6209434739911,7.86504913863723,,6.26881,1.70654,2
"Pr",59,5.25419,1.13783,1.35953,2.96321,1.03483,1.05402,1.15346,1.50074,4.22372,,5.25419,4.58383109290788,7.97482164670561,,6.21272,1.69984,2
"Nd",60,5.18849,1.13748,1.36558,2.92588,1.04222,1.0651,1.16763,1.50709,3.98452,,5.18849,4.54482774136579,7.78341580096777,,6.15764,1.69319,2
"Pm",61,5.12465,1.13743,1.3655,2.92202,1.0415,1.06605,1.16627,1.51129,4.02996,,5.12465,4.5383665263433,7.88650344521543,,6.10352,1.6866,2
"Sm",62,5.05892,1.13776,1.36606,2.87458,1.04127,1.06571,1.16696,1.51008,4.00064,,5.05892,4.46781143926125,7.82326057025824,,6.05034,1.68005,2
"Eu",63,4.99706,1.13751,1.36612,2.85232,1.04066,1.06529,1.16633,1.51126,3.99161,,4.99706,4.43243443179398,7.79983558652115,,5.99808,1.67356,2
"Gd",64,4.93816,1.1374,1.35621,2.82371,1.04013,1.0656,1.16812,1.5047,3.84801,,4.93816,4.35572304885234,7.49644583335542,,5.94672,1.66711,2
"Tb",65,4.87509,1.13703,1.36616,2.80039,1.03979,1.06686,1.16631,1.50681,3.90202,,4.87509,4.35002754575287,7.60702866586307,,5.89623,1.66072,2
"Dy",66,4.81739,1.13701,1.36554,2.77921,1.03991,1.06584,1.16706,1.50482,3.84861,,4.81739,4.31509214663003,7.49151083906869,,5.84659,1.65437,2
"Ho",67,4.75869,1.13631,1.36554,2.7608,1.04149,1.06529,1.16922,1.50386,3.80399,,4.75869,4.28386919182992,7.42106037372304,,5.79777,1.64807,2
"Er",68,4.70224,1.1357,1.36575,2.73832,1.03804,1.0654,1.16991,1.50202,3.76768,,4.70224,4.247359615278,7.32198710943735,,5.74977,1.64182,2
"Tm",69,4.6452,1.13346,1.36694,2.70906,1.03887,1.06418,1.16693,1.49986,3.73173,,4.6452,4.19734120210034,7.22074552358267,,5.70255,1.63562,2
"Yb",70,4.59107,1.13789,1.37293,2.69304,1.04108,1.06461,1.16852,1.49876,3.6994,,4.59107,4.20718374429881,7.18082231812327,,5.65611,1.62946,2
"Lu",71,4.53673,1.13829,1.37546,2.68847,1.03747,1.06474,1.17316,1.49433,3.61754,,4.53673,4.20926317883,7.00545296205278,,5.61041,1.62335,2
"Hf",72,4.48477,1.13795,1.37655,2.67509,1.03719,1.06361,1.16783,1.49077,3.52235,,4.48477,4.19038154899402,6.76493319866407,,5.56545,1.61729,2
"Ta",73,4.43201,1.13844,1.36527,2.66098,1.03598,1.06556,1.16762,1.48679,3.43384,,4.43201,4.13590261602722,6.58052422921934,,5.5212,1.61127,2
"W",74,4.38122,1.13849,1.36683,2.64639,1.03554,1.064,1.17349,1.4825,3.35171,,4.38122,4.11810645830001,6.42464355048306,,5.47765,1.60529,2
"Re",75,4.33129,1.13731,1.36465,2.57517,1.03526,1.06231,1.16672,1.47756,3.26872,,4.33129,3.99674133072806,6.19712408912202,,5.43478,1.59936,2
"Os",76,4.28269,1.1374,1.36563,2.56117,1.03364,1.06297,1.16583,1.47555,3.19522,,4.28269,3.97818228176754,6.03921148346952,,5.39258,1.59347,2
"Ir",77,4.24849,1.1391,1.3664,2.54585,1.03379,1.06468,1.16769,1.46986,3.10973,,4.24849,3.962529577104,5.87459103939422,,5.35103,1.58763,2
"Pt",78,4.18562,1.13724,1.36827,2.53099,1.03729,1.06239,1.166,1.4653,3.02995,,4.18562,3.93835046910505,5.70485653276496,,5.31011,1.58183,2
"Au",79,4.13886,1.1407,1.3698,2.51731,1.03586,1.06022,1.1563,1.46238,2.96888,,4.13886,3.9333745591866,5.51341221506512,,5.26981,1.57607,2
"Hg",80,4.1041,1.13693,1.36984,2.501,1.03422,1.0636,1.15753,1.45838,2.91794,,4.1041,3.8950878901912,5.41839389855575,,5.23013,1.57035,2
"Tl",81,4.06204,1.14076,1.37038,2.48173,1.03313,1.06243,1.16677,1.45595,2.87046,,4.06204,3.87962569343562,5.3522761449934,,5.19103,1.56468,2
"Pb",82,4.03006,1.13643,1.3717,2.46478,1.03473,1.06301,1.16807,1.45354,2.83433,,4.03006,3.84220019638818,5.29310686204614,,5.15251,1.55904,2
"Bi",83,3.99248,1.13732,1.3727,2.45549,1.03681,1.06623,1.1684,1.45086,2.81286,,3.99248,3.83350893521036,5.27126983474065,,5.11457,1.55345,2
"Po",84,3.98472,1.13608,1.37301,2.4347,1.03511,1.06405,1.17074,1.45088,2.76884,,3.98472,3.79776484918776,5.18010248018363,,5.07717,1.54789,2
"At",85,3.91936,1.13581,1.37386,2.42005,1.03598,1.06408,1.17352,1.46297,2.73282,,3.91936,3.77635232456833,5.17204857609986,,5.04032,1.54238,2
"Rn",86,3.88732,1.1354,1.37549,2.40341,1.03508,1.06427,1.17203,1.44065,2.74503,,3.88732,3.75348073428986,5.10587342543866,,5.004,1.5369,2
"Fr",87,3.85658,1.13533,1.37651,2.38894,1.03608,1.05641,1.17274,1.43855,2.62036,,3.85658,3.7334189442528,4.83853018785166,,4.9682,1.53146,2
"Ra",88,3.81052,1.13518,1.37722,2.37671,1.03307,1.05934,1.16201,1.43807,2.58515,,3.81052,3.71573082539532,4.72760039999596,,4.93291,1.52607,2
"Ac",89,3.77084,1.1349,1.37851,2.36235,1.03461,1.05624,1.15939,1.39846,2.57223,,3.77084,3.69582806448765,4.55752101737909,,4.89812,1.5207,2
"Th",90,3.72921,1.13451,1.38067,2.34855,1.02847,1.04842,1.16083,1.44851,2.3558,,3.72921,3.67873095930854,4.27125464053609,,4.86381,1.51538,2
"Pa",91,3.68017,1.13418,1.38265,2.33962,1.02881,1.04821,1.14862,1.43401,2.20859,,3.68017,3.66893120006874,3.92307969699091,,4.82998,1.51009,2
"U",92,3.64804,1.134,1.38421,2.32879,1.02883,1.04867,1.14181,1.36989,2.12567,,3.64804,3.6554880162906,3.58721861411989,,4.79662,1.50485,2