X-ray Line energies in ev from Waldo program (reordered), Handbook of Chemistry and Physics, orig ref Bearden and Burr
 Symbol    Ka      Kb     La1     Lb1     Lb2     Lb3     Lb4     Lg1    Lg2,3     Ma      Mb      Mg
H              0       0       0       0       0       0       0       0       0       0       0       0
He             0       0       0       0       0       0       0       0       0       0       0       0
Li             0       0       0       0       0       0       0       0       0       0       0       0
Be           100     100       0       0       0       0       0       0       0       0       0       0
B            183     183       0       0       0       0       0       0       0       0       0       0
C            277     277       0       0       0       0       0       0       0       0       0       0
N            392     392       0       0       0       0       0       0       0       0       0       0
O            525     525       0       0       0       0       0       0       0       0       0       0
F            677     677       0       0       0       0       0       0       0       0       0       0
Ne           849     858       0       0       0       0       0       0       0       0       0       0
Na          1041    1071       0       0       0       0       0       0       0       0       0       0
Mg          1254    1302       0       0       0       0       0       0       0       0       0       0
Al          1487    1557       0       0       0       0       0       0       0       0       0       0
Si          1740    1836       0       0       0       0       0       0       0       0       0       0
P           2014    2139       0       0       0       0       0       0       0       0       0       0
S           2308    2464       0       0       0       0       0       0       0       0       0       0
Cl          2622    2816       0       0       0       0       0       0       0       0       0       0
Ar          2958    3191       0       0       0       0       0       0       0       0       0       0
K           3314    3590       0       0       0       0       0       0       0       0       0       0
Ca          3692    4013     341     341     341     341     341     341     341       0       0       0
Sc          4091    4461     395     400     395     400     400     400     400       0       0       0
Ti          4511    4932     452     458     452     458     458     458     458       0       0       0
V           4952    5427     511     519     511     519     519     519     519       0       0       0
Cr          5415    5947     573     583     573     585     585     583     585       0       0       0
Mn          5899    6490     637     649     637     654     654     649     654       0       0       0
Fe          6403    7058     705     719     705     721     721     719     721       0       0       0
Co          6930    7649     776     791     776     792     792     791     792       0       0       0
Ni          7478    8265     852     869     852     941     941     869     941       0       0       0
Cu          8048    8905     930     950     930    1023    1023     950    1023       0       0       0
Zn          8639    9572    1012    1035    1012    1107    1107    1035    1107       0       0       0
Ga          9252   10264    1098    1125    1098    1197    1197    1125    1197       0       0       0
Ge          9886   10982    1188    1219    1188    1294    1286    1219    1294       0       0       0
As         10544   11726    1282    1317    1282    1388    1388    1317    1388       0       0       0
Se         11222   12496    1379    1419    1379    1490    1490    1419    1490       0       0       0
Br         11924   13291    1480    1526    1480    1596    1596    1526    1596       0       0       0
Kr         12649   14112    1586    1637    1586    1697    1697    1637    1707       0       0       0
Rb         13395   14961    1694    1752    1694    1827    1818    1752    2051       0       0       0
Sr         14165   15836    1807    1872    1807    1947    1936    1872    2197       0       0       0
Y          14958   16738    1923    1996    1923    2072    2060    1996    2347       0       0       0
Zr         15775   17668    2042    2124    2042    2201    2187    2124    2503       0       0       0
Nb         16615   18623    2166    2257    2367    2335    2319    2462    2664       0       0       0
Mo         17479   19608    2293    2395    2518    2473    2456    2624    2831       0       0       0
Tc         18367   20619    2424    2537    2630    2605    2592    2792    3000       0       0       0
Ru         19279   21657    2559    2683    2836    2763    2741    2965    3181       0       0       0
Rh         20216   22724    2697    2834    3001    2916    2891    3144    3364       0       0       0
Pd         21177   23819    2839    2990    3172    3073    3045    3329    3553       0       0       0
Ag         22163   24942    2984    3151    3348    3234    3203    3520    3746       0       0       0
Cd         23174   26096    3134    3317    3528    3401    3367    3717    3951       0       0       0
In         24210   27276    3287    3487    3714    3573    3535    3921    4161       0       0       0
Sn         25271   28486    3444    3663    3905    3750    3708    4131    4377       0       0       0
Sb         26359   29726    3605    3844    4101    3933    3886    4348    4600       0       0       0
Te         27472   30996    3769    4030    4302    4120    4070    4571    4829       0       0       0
I          28612   32295    3938    4221    4508    4313    4258    4801    5066       0       0       0
Xe         29779   33624    4110    4417    4719    4513    4258    5037    5305       0       0       0
Cs         30973   34987    4287    4620    4936    4717    4649    5280    5546       0       0       0
Ba         32194   36378    4466    4828    5157    4927    4852    5531    5804       0       0       0
La         33442   37801    4651    5042    5384    5143    5062    5789    6067     833     854    1027
Ce         34720   39257    4840    5262    5613    5365    5277    6052    6332     883     902    1075
Pr         36026   40748    5034    5489    5850    5592    5498    6322    6607     929     950    1127
Nd         37361   42271    5230    5722    6089    5829    5722    6602    6892     978     997    1180
Pm         38725   43826    5433    5961    6339    6071    5957    6892    7185    1029    1049    1237
Sm         40118   45413    5636    6205    6587    6318    6196    7178    7496    1081    1100    1291
Eu         41542   47038    5846    6456    6843    6571    6439    7480    7782    1131    1153    1346
Gd         43000   48697    6057    6713    7103    6831    6687    7786    8096    1185    1209    1402
Tb         44482   50229    6273    6978    7367    7096    6940    8102    8410    1240    1266    1461
Dy         45998   51957    6495    7248    7636    7370    7204    8419    8733    1293    1325    1522
Ho         47547   53877    6720    7525    7911    7652    7471    8747    9069    1348    1383    1576
Er         49128   55681    6949    7811    8189    7939    7745    9089    9417    1406    1443    1643
Tm         50742   57517    7180    8101    8468    8231    8026    9426    9754    1462    1503    1705
Yb         52389   59370    7416    8402    8759    8537    8313    9870   10016    1521    1568    1765
Lu         54070   61283    7656    8709    9044    8847    8606   10143   10485    1581    1631    1832
Hf         55790   63234    7899    9023    9342    9163    8905   10516   10861    1645    1698    1895
Ta         57532   65223    8146    9343    9645    9488    9212   10895   11247    1710    1766    1964
W          59318   67244    8398    9672    9955    9819    9525   11286   11641    1775    1835    2035
Re         61140   69310    8652   10010   10268   10160    9846   11685   12046    1843    1906    2107
Os         63001   71413    8912   10356   10591   10511   10175   12095   12461    1910    1978    2182
Ir         64896   73561    9175   10708   10912   10867   10511   12513   12883    1980    2054    2254
Pt         66832   75748    9442   11071   11240   11231   10854   12942   13315    2051    2127    2331
Au         68804   77984    9713   11442   11576   11610   11205   13382   13759    2123    2205    2410
Hg         70819   80253    9989   11823   11914   11995   11563   13830   14214    2195    2283    2488
Tl         72872   82576   10269   12213   12261   12390   11931   14292   14681    2271    2362    2571
Pb         74969   84936   10552   12614   12612   12793   12306   14764   15159    2346    2443    2653
Bi         77108   87343   10839   13024   12963   13210   12691   15248   15646    2423    2526    2735
Po         79290   89800   11131   13447   13327   13638   13086   15744   16144    2501    2611    2819
At         81520   92300   11427   13876   13698   14067   13482   16251   16653    2580    2695    2906
Rn         83780   94870   11727   14316   14066   14512   13989   16770   17173    2659    2781    2994
Fr         86100   97470   12031   14770   14441   14976   14307   17300   17704    2741    2871    3085
Ra         88470  100130   12340   15236   14825   15445   14747   17849   18268    2824    2961    3178
Ac         90884  102850   12652   15713   15224   15931   15198   18408   18830    2909    3053    3274
Th         93350  105609   12969   16202   15606   16426   15643   18983   19406    2996    3146    3370
Pa         95868  108427   13291   16702   16003   16930   16104   19568   19985    3082    3240    3466
U          98439  111300   13615   17220   16407   17455   16575   20167   20599    3171    3337    3563
Np             0       0   13944   17750   16840   17989   17061   20785   21110    3253    3433    3663
Pu             0       0   14279   18294   17255   18541   17556   21417   21725    3345    3531    3765
Am             0       0   14617   18852   17677   19106   18063   22065   22361       0       0       0
Cm             0       0       0       0       0       0       0       0       0       0       0       0
Bk             0       0       0       0       0       0       0       0       0       0       0       0
Cf             0       0       0       0       0       0       0       0       0       0       0       0
Es             0       0       0       0       0       0       0       0       0       0       0       0
Edge energies in ev from Waldo fortran code edge.for, from Handbook of Chemistry and Physics, original source Bearden and Burr
Symbol  K       L1      L2      L3      M1      M2      M3      M4      M5      N1      N2      N3
H             14       0       0       0       0       0       0       0       0       0       0       0
He            25       0       0       0       0       0       0       0       0       0       0       0
Li            55       0       0       0       0       0       0       0       0       0       0       0
Be           111       0       0       0       0       0       0       0       0       0       0       0
B            188       0       0       0       0       0       0       0       0       0       0       0
C            284       0       0       0       0       0       0       0       0       0       0       0
N            402       0       0       0       0       0       0       0       0       0       0       0
O            532       0       0       0       0       0       0       0       0       0       0       0
F            685       0       0       0       0       0       0       0       0       0       0       0
Ne           867      45      18      18       0       0       0       0       0       0       0       0
Na          1072      63      31      31       0       0       0       0       0       0       0       0
Mg          1305      89      51      51       0       0       0       0       0       0       0       0
Al          1560     117      73      73       0       0       0       0       0       0       0       0
Si          1839     149      99      99       0       0       0       0       0       0       0       0
P           2146     189     132     132       0       0       0       0       0       0       0       0
S           2472     229     165     165       0       0       0       0       0       0       0       0
Cl          2822     270     202     200       0       0       0       0       0       0       0       0
Ar          3203     320     247     245       0       0       0       0       0       0       0       0
K           3607     377     296     294       0       0       0       0       0       0       0       0
Ca          4038     438     350     346       0       0       0       0       0       0       0       0
Sc          4493     500     407     402       0       0       0       0       0       0       0       0
Ti          4966     564     462     456       0       0       0       0       0       0       0       0
V           5465     628     521     513       0       0       0       0       0       0       0       0
Cr          5989     695     584     575       0       0       0       0       0       0       0       0
Mn          6539     769     651     640      84      49      49       3       3       0       0       0
Fe          7112     846     721     708      93      54      54       4       4       0       0       0
Co          7709     926     794     779     101      54      54       3       3       0       0       0
Ni          8333    1008     872     855     112      68      68       4       4       0       0       0
Cu          8979    1096     951     931     120      74      74       2       2       0       0       0
Zn          9659    1194    1043    1020     136      87      87       8       8       0       0       0
Ga         10367    1298    1142    1115     158     107     103      17      17       0       0       0
Ge         11103    1414    1248    1217     180     128     121      29      29       0       0       0
As         11867    1527    1359    1323     204     146     141      41      41       3       3       3
Se         12658    1654    1476    1433     232     168     162      57      57       6       6       6
Br         13474    1782    1596    1550     257     189     182      70      69      27       5       5
Kr         14326    1921    1727    1675     289     223     214      89      89      24      11      11
Rb         15200    2065    1864    1804     322     247     239     112     110      29      15      14
Sr         16105    2216    2007    1940     358     280     269     135     133      38      20      20
Y          17038    2373    2156    2080     394     312     300     160     157      45      26      26
Zr         17998    2532    2307    2222     430     344     331     182     180      51      29      29
Nb         18986    2698    2465    2371     468     378     363     207     205      58      34      34
Mo         20000    2866    2625    2520     505     410     392     230     227      62      35      35
Tc         21044    3043    2793    2677     544     445     425     256     253      68      39      39
Ru         22117    3224    2967    2838     585     483     461     284     279      75      43      43
Rh         23220    3412    3146    3004     627     521     496     312     307      81      48      48
Pd         24350    3604    3330    3173     670     559     532     340     335      86      51      51
Ag         25514    3806    3524    3351     718     602     571     373     367      95      63      56
Cd         26711    4018    3727    3538     770     651     617     411     404     108      67      67
In         27940    4238    3938    3730     826     702     664     451     443     122      77      77
Sn         29200    4465    4156    3929     884     756     714     493     485     137      89      89
Sb         30491    4698    4380    4132     944     812     766     537     528     152      98      98
Te         31814    4939    4612    4341    1006     870     819     583     572     168     110     110
I          33169    5188    4852    4557    1072     931     875     631     619     186     123     123
Xe         34561    5453    5104    4782    1143     999     937     685     672     208     147     147
Cs         35985    5714    5359    5012    1217    1065     998     740     726     231     172     162
Ba         37441    5989    5624    5247    1293    1137    1062     796     781     253     192     180
La         38925    6266    5891    5483    1361    1204    1123     849     832     270     206     191
Ce         40443    6549    6164    5723    1435    1273    1185     901     883     290     223     207
Pr         41991    6835    6440    5964    1511    1337    1242     951     931     305     236     218
Nd         43569    7126    6722    6208    1575    1403    1297    1000     978     315     243     224
Pm         45184    7428    7013    6459    1650    1471    1357    1052    1027     330     242     242
Sm         46834    7737    7312    6716    1723    1541    1420    1106    1080     346     266     247
Eu         48519    8052    7617    6977    1800    1614    1481    1161    1131     360     284     257
Gd         50239    8376    7930    7243    1881    1688    1544    1217    1185     376     289     271
Tb         51996    8708    8252    7514    1968    1768    1611    1275    1241     398     310     285
Dy         53789    9046    8581    7790    2047    1842    1676    1333    1295     416     332     293
Ho         55618    9394    8918    8071    2128    1923    1741    1392    1351     436     344     307
Er         57486    9751    9264    8358    2207    2006    1812    1453    1409     449     366     320
Tm         59390   10116    9617    8648    2307    2090    1885    1515    1468     472     386     337
Yb         61332   10486    9978    8944    2398    2173    1950    1576    1528     487     397     344
Lu         63314   10870   10349    9244    2491    2264    2024    1639    1589     506     410     359
Hf         65351   11271   10739    9561    2601    2365    2108    1716    1662     538     437     380
Ta         67416   11682   11136    9881    2708    2469    2194    1793    1735     567     465     405
W          69525   12100   11544   10207    2820    2575    2281    1872    1809     595     492     425
Re         71676   12527   11959   10535    2932    2682    2367    1949    1883     625     518     444
Os         73871   12968   12385   10871    3049    2792    2457    2031    1960     654     547     468
Ir         76111   13419   12824   11215    3174    2909    2551    2116    2040     690     577     494
Pt         78395   13880   13273   11564    3296    3027    2645    2202    2122     722     609     519
Au         80725   14353   13734   11919    3425    3148    2743    2291    2206     759     644     545
Hg         83102   14839   14209   12284    3562    3279    2847    2385    2295     800     677     571
Tl         85530   15347   14698   12657    3704    3416    2957    2485    2389     846     721     609
Pb         88005   15861   15200   13035    3851    3554    3066    2586    2484     894     764     645
Bi         90526   16388   15711   13419    3999    3696    3177    2688    2580     938     805     679
Po         93105   16939   16244   13814    4149    3854    3302    2798    2683     995     851     705
At         65730   17493   16785   14214    4317    4008    3426    2909    2787    1042     886     740
Rn         98404   18049   17337   14619    4482    4159    3538    3022    2892    1097     929     768
Fr        101137   18639   17907   15031    4652    4327    3663    3136    3000    1153     980     810
Ra        103922   19237   18484   15444    4822    4490    3792    3248    3105    1208    1058     879
Ac        106755   19840   19083   15871    5002    4656    3909    3370    3219    1269    1080     890
Th        109651   20472   19693   16300    5182    4830    4046    3491    3332    1330    1168     967
Pa        112601   21105   20314   16733    5367    5001    4174    3611    3442    1387    1224    1007
U         115606   21757   20948   17166    5548    5182    4303    3728    3552    1441    1273    1045
Np        118678   22427   21601   17610    5723    5366    4435    3850    3666    1501    1328    1087
Pu        121818   23097   22266   18057    5933    5541    4557    3973    3778    1559    1372    1115
Am        125027   23773   22944   18504    6121    5710    4667    4092    3887    1617    1412    1136
Cm        128220   24460   23779   18930    6288    5895    4797    4227    3971    1643    1440    1154
Bk        131590   25275   24385   19452    6556    6147    4977    4366    4132    1755    1554    1235
Cf        135960   26110   25250   19930    6754    6359    5109    4497    4253    1799    1616    1279
Es        139490   26900   26020   20410    6977    6574    5252    4630    4374    1868    1680    1321
