 .755000 633.000 .755000 1698.00
 .765000 19.0000 .765000 .000000
 .775000 17.0000 .775000 .000000
 .785000 16.0000 .785000 .000000
 .795000 20.0000 .795000 .000000
 .805000 19.0000 .805000 .000000
 .815000 24.0000 .815000 .000000
 .825000 12.0000 .825000 .000000
 .835000 11.0000 .835000 .000000
 .845000 14.0000 .845000 .000000
 .855000 13.0000 .855000 .000000
 .865000 9.00000 .865000 .000000
 .875000 13.0000 .875000 .000000
 .885000 8.00000 .885000 .000000
 .895000 9.00000 .895000 .000000
 .905000 4.00000 .905000 .000000
 .915000 6.00000 .915000 .000000
 .925000 3.00000 .925000 .000000
 .935000 4.00000 .935000 .000000
 .945000 10.0000 .945000 .000000
 .955000 10.0000 .955000 .000000
 .965000 12.0000 .965000 .000000
 .975000 11.0000 .975000 .000000
 .985000 12.0000 .985000 .000000
 .995000 34.0000 .995000 .000000
 1.00500 14.0000 1.00500 .000000
 1.01500 12.0000 1.01500 .000000
 1.02500 6.00000 1.02500 .000000
 1.03500 4.00000 1.03500 .000000
 1.04500 8.00000 1.04500 .000000
 1.05500 6.00000 1.05500 .000000
 1.06500 11.0000 1.06500 .000000
 1.07500 6.00000 1.07500 .000000
 1.08500 7.00000 1.08500 .000000
 1.09500 7.00000 1.09500 .000000
 1.10500 6.00000 1.10500 .000000
 1.11500 5.00000 1.11500 .000000
 1.12500 3.00000 1.12500 .000000
 1.13500 8.00000 1.13500 .000000
 1.14500 3.00000 1.14500 .000000
 1.15500 6.00000 1.15500 .000000
 1.16500 5.00000 1.16500 .000000
 1.17500 8.00000 1.17500 .000000
 1.18500 6.00000 1.18500 .000000
 1.19500 4.00000 1.19500 .000000
 1.20500 4.00000 1.20500 .000000
 1.21500 5.00000 1.21500 .000000
 1.22500 5.00000 1.22500 .000000
 1.23500 5.00000 1.23500 .000000
 1.24500 601.000 1.24500 .000000
