 12      39      1     13      16.5     17.5    0.406      .0   0.274      .0   
 14      42      1     13      10       20      0.369      .0   0.34       .0   
 14      42      1     13      15       20      0.369      .0   0.284      .0   
 14      42      1     13      20       20      0.369      .0   0.241      .0   
 14      42      1     13      25       20      0.369      .0   0.198      .0   
 14      42      1     13      30       20      0.369      .0   0.176      .0   
 14      42      1     13      35       20      0.369      .0   0.159      .0   
 28      78      1     13      30       15.5    0.297      .0   0.305      .0   
 28      78      1     13      30       15.5    0.551      .0   0.56       .0   
 29      79      1     13      30       15.5    0.399      .0   0.386      .0   
 29      79      1     13      30       15.5    0.598      .0   0.585      .0   
 29      79      1     13      30       15.5    0.794      .0   0.789      .0   
 29      79      1     13      30       15.5    0.794      .0   0.789      .0   
 29      79      1     13      16.8     16      0.4        .0   0.456      .0   
 29      79      1     13      22.5     16      0.4        .0   0.426      .0   
 29      79      1     13      28.5     16      0.473      .0   0.47       .0   
 29      79      1     13      28.5     16      0.762      .0   0.758      .0   
 29      79      1     13      16       16      0.8        .0   0.798      .0   
 29      79      1     13      16.8     16      0.8        .0   0.798      .0   
 29      79      1     13      28.2     17.1    0.4        .0   0.398      .0   
 29      79      1     13      33.9     17.1    0.4        .0   0.362      .0   
 29      79      1     13      25       18      0.396      .0   0.417      .0   
 29      79      1     13      25       18      0.599      .0   0.62       .0   
 29      79      1     13      25       18      0.79       .0   0.807      .0   
 29      79      1     13      16       40      0.396      .0   0.472      .0   
 29      79      1     13      12       40      0.396      .0   0.494      .0   
 29      79      1     13      14       40      0.396      .0   0.476      .0   
 29      79      1     13      20       40      0.396      .0   0.463      .0   
 29      79      1     13      25       40      0.396      .0   0.447      .0   
 29      79      1     13      13       40      0.492      .0   0.585      .0   
 29      79      1     13      15.7     40      0.492      .0   0.5697     .0   
 29      79      1     13      20.9     40      0.492      .0   0.5534     .0   
 29      79      1     13      26.1     40      0.492      .0   0.5403     .0   
 29      79      1     13      31.3     40      0.492      .0   0.5298     .0   
 29      79      1     13      36.5     40      0.492      .0   0.5229     .0   
 29      79      1     13      39.5     40      0.492      .0   0.516      .0   
 29      79      1     13      12       40      0.599      .0   0.694      .0   
 29      79      1     13      14       40      0.599      .0   0.675      .0   
 29      79      1     13      16       40      0.599      .0   0.67       .0   
 29      79      1     13      20       40      0.599      .0   0.655      .0   
 29      79      1     13      25       40      0.599      .0   0.643      .0   
 29      79      1     13      14       40      0.604      .0   0.511      .0   
 29      79      1     13      13       40      0.7        .0   0.7758     .0   
 29      79      1     13      15.7     40      0.7        .0   0.7583     .0   
 29      79      1     13      20.9     40      0.7        .0   0.7468     .0   
 29      79      1     13      26.1     40      0.7        .0   0.7387     .0   
 29      79      1     13      31.3     40      0.7        .0   0.727      .0   
 29      79      1     13      36.5     40      0.7        .0   0.7223     .0   
 29      79      1     13      39.5     40      0.7        .0   0.7161     .0   
 29      79      1     13      12       40      0.799      .0   0.853      .0   
 29      79      1     13      14       40      0.799      .0   0.845      .0   
 29      79      1     13      16       40      0.799      .0   0.845      .0   
 29      79      1     13      20       40      0.799      .0   0.835      .0   
 29      79      1     13      25       40      0.799      .0   0.827      .0   
 29      79      1     13      12       52.5    0.3964     .0   0.5        .0   
 29      79      1     13      15       52.5    0.3964     .0   0.48       .0   
 29      79      1     13      20       52.5    0.3964     .0   0.464      .0   
 29      79      1     13      25       52.5    0.3964     .0   0.443      .0   
 29      79      1     13      30       52.5    0.3964     .0   0.453      .0   
 29      79      1     13      40       52.5    0.3964     .0   0.416      .0   
 29      79      1     13      48.5     52.5    0.3964     .0   0.414      .0   
 29      79      1     13      12       52.5    0.5992     .0   0.698      .0   
 29      79      1     13      15       52.5    0.5992     .0   0.676      .0   
 29      79      1     13      20       52.5    0.5992     .0   0.663      .0   
 29      79      1     13      25       52.5    0.5992     .0   0.651      .0   
 29      79      1     13      30       52.5    0.5992     .0   0.644      .0   
 29      79      1     13      40       52.5    0.5992     .0   0.616      .0   
 29      79      1     13      48.5     52.5    0.5992     .0   0.604      .0   
 29      79      1     13      12       52.5    0.7985     .0   0.869      .0   
 29      79      1     13      15       52.5    0.7985     .0   0.851      .0   
 29      79      1     13      20       52.5    0.7985     .0   0.841      .0   
 29      79      1     13      25       52.5    0.7985     .0   0.834      .0   
 29      79      1     13      30       52.5    0.7985     .0   0.826      .0   
 29      79      1     13      40       52.5    0.7985     .0   0.815      .0   
 29      79      1     13      48.5     52.5    0.7985     .0   0.8        .0   
 29      79      3     13      10       52.5    0.3964     .0   0.354      .0   
 29      79      3     13      12       52.5    0.3964     .0   0.325      .0   
 29      79      3     13      15       52.5    0.3964     .0   0.295      .0   
 29      79      3     13      20       52.5    0.3964     .0   0.247      .0   
 29      79      3     13      25       52.5    0.3964     .0   0.219      .0   
 29      79      3     13      30       52.5    0.3964     .0   0.2        .0   
 29      79      3     13      40       52.5    0.3964     .0   0.166      .0   
 29      79      3     13      48.5     52.5    0.3964     .0   0.161      .0   
 29      79      3     13      10       52.5    0.5992     .0   0.557      .0   
 29      79      3     13      12       52.5    0.5992     .0   0.524      .0   
 29      79      3     13      15       52.5    0.5992     .0   0.484      .0   
 29      79      3     13      20       52.5    0.5992     .0   0.428      .0   
 29      79      3     13      25       52.5    0.5992     .0   0.387      .0   
 29      79      3     13      30       52.5    0.5992     .0   0.36       .0   
 29      79      3     13      40       52.5    0.5992     .0   0.313      .0   
 29      79      3     13      48.5     52.5    0.5992     .0   0.304      .0   
 29      79      3     13      10       52.5    0.7985     .0   0.764      .0   
 29      79      3     13      12       52.5    0.7985     .0   0.747      .0   
 29      79      3     13      15       52.5    0.7985     .0   0.716      .0   
 29      79      3     13      20       52.5    0.7985     .0   0.672      .0   
 29      79      3     13      25       52.5    0.7985     .0   0.632      .0   
 29      79      3     13      30       52.5    0.7985     .0   0.602      .0   
 29      79      3     13      40       52.5    0.7985     .0   0.55       .0   
 29      79      3     13      48.5     52.5    0.7985     .0   0.544      .0   
 40      8       3     13      10       20      0.74       .0   0.643      .0   
 40      8       3     13      20       20      0.74       .0   0.649      .0   
 40      8       3     13      10       40      0.74       .0   0.682      .0   
 40      8       3     13      15       40      0.74       .0   0.699      .0   
 40      13      1     13      28.5     15      0.53       .0   0.472      .0   
 40      13      1     13      28.5     15      0.53       .0   0.472      .0   
 40      14      1     13      28.5     15      0.62       .0   0.544      .0   
 40      14      1     13      28.5     15      0.62       .0   0.544      .0   
 42      8       3     13      10       40      0.67       .0   0.581      .0   
 42      8       3     13      15       40      0.67       .0   0.599      .0   
 42      14      1     13      30       20      0.631      .0   0.56       .0   
 42      14      1     13      35       20      0.631      .0   0.567      .0   
 42      14      3     13      10       20      0.631      .0   0.485      .0   
 42      14      3     13      15       20      0.631      .0   0.454      .0   
 42      14      3     13      20       20      0.631      .0   0.413      .0   
 42      14      3     13      25       20      0.631      .0   0.377      .0   
 42      14      3     13      30       20      0.631      .0   0.354      .0   
 48      12      3     13      30       52.5    0.55       .0   0.454      .0   
 48      12      3     13      30       52.5    0.72       .0   0.639      .0   
 48      16      3     13      10       20      0.778      .0   0.671      .0   
 48      16      3     13      20       20      0.778      .0   0.665      .0   
 48      16      3     13      30       20      0.778      .0   0.643      .0   
 78      28      3     13      30       15.5    0.449      .0   0.345      .0   
 78      28      3     13      30       15.5    0.703      .0   0.58       .0   
 79      29      3     13      30       15.5    0.206      .0   0.152      .0   
 79      29      3     13      30       15.5    0.402      .0   0.324      .0   
 79      29      3     13      30       15.5    0.601      .0   0.505      .0   
 79      29      3     13      16.8     17.3    0.2        .0   0.147      .0   
 79      29      3     13      19.8     17.3    0.2        .0   0.145      .0   
 79      29      3     13      22.5     17.3    0.2        .0   0.147      .0   
 79      29      3     13      28.2     17.3    0.2        .0   0.146      .0   
 79      29      3     13      33.9     17.3    0.2        .0   0.14       .0   
 79      29      3     13      28.5     17.3    0.238      .0   0.174      .0   
 79      29      3     13      28.2     17.3    0.4        .0   0.31       .0   
 79      29      3     13      28.5     17.3    0.527      .0   0.433      .0   
 79      29      3     13      16.8     17.3    0.6        .0   0.498      .0   
 79      29      3     13      19.8     17.3    0.6        .0   0.5        .0   
 79      29      3     13      22.5     17.3    0.6        .0   0.514      .0   
 79      29      3     13      28.2     17.3    0.6        .0   0.51       .0   
 79      29      3     13      33.9     17.3    0.6        .0   0.502      .0   
 79      29      3     13      25       18      0.201      .0   0.149      .0   
 79      29      3     13      25       18      0.401      .0   0.314      .0   
 79      29      3     13      25       18      0.604      .0   0.513      .0   
 79      29      3     13      16       40      0.201      .0   0.147      .0   
 79      29      3     13      20       40      0.201      .0   0.153      .0   
 79      29      3     13      25       40      0.201      .0   0.155      .0   
 79      29      3     13      13       40      0.3        .0   0.2319     .0   
 79      29      3     13      15.7     40      0.3        .0   0.2278     .0   
 79      29      3     13      20.9     40      0.3        .0   0.2365     .0   
 79      29      3     13      26.1     40      0.3        .0   0.2402     .0   
 79      29      3     13      31.3     40      0.3        .0   0.2413     .0   
 79      29      3     13      36.3     40      0.3        .0   0.2381     .0   
 79      29      3     13      39.5     40      0.3        .0   0.2377     .0   
 79      29      3     13      16       40      0.401      .0   0.323      .0   
 79      29      3     13      20       40      0.401      .0   0.334      .0   
 79      29      3     13      25       40      0.401      .0   0.338      .0   
 79      29      3     13      13       40      0.508      .0   0.4174     .0   
 79      29      3     13      15.7     40      0.508      .0   0.4142     .0   
 79      29      3     13      20.9     40      0.508      .0   0.4285     .0   
 79      29      3     13      26.1     40      0.508      .0   0.4348     .0   
 79      29      3     13      31.3     40      0.508      .0   0.4337     .0   
 79      29      3     13      36.3     40      0.508      .0   0.4282     .0   
 79      29      3     13      39.5     40      0.508      .0   0.4279     .0   
 79      29      3     13      16       40      0.604      .0   0.518      .0   
 79      29      3     13      20       40      0.604      .0   0.53       .0   
 79      29      3     13      25       40      0.604      .0   0.537      .0   
 79      29      3     13      15       52.5    0.2012     .0   0.145      .0   
 79      29      3     13      20       52.5    0.2012     .0   0.158      .0   
 79      29      3     13      25       52.5    0.2012     .0   0.154      .0   
 79      29      3     13      30       52.5    0.2012     .0   0.157      .0   
 79      29      3     13      39.5     52.5    0.2012     .0   0.164      .0   
 79      29      3     13      48.5     52.5    0.2012     .0   0.152      .0   
 79      29      3     13      15       52.5    0.401      .0   0.313      .0   
 79      29      3     13      20       52.5    0.401      .0   0.333      .0   
 79      29      3     13      25       52.5    0.401      .0   0.331      .0   
 79      29      3     13      30       52.5    0.401      .0   0.331      .0   
 79      29      3     13      40       52.5    0.401      .0   0.326      .0   
 79      29      3     13      48.5     52.5    0.401      .0   0.35       .0   
 79      29      3     13      15       52.5    0.6036     .0   0.511      .0   
 79      29      3     13      20       52.5    0.6036     .0   0.531      .0   
 79      29      3     13      25       52.5    0.6036     .0   0.529      .0   
 79      29      3     13      30       52.5    0.6036     .0   0.533      .0   
 79      29      3     13      40       52.5    0.6036     .0   0.552      .0   
 79      29      3     13      48.5     52.5    0.6036     .0   0.521      .0   
 79      29      5     13      12       40      0.201      .0   0.147      .0   
 79      29      5     13      14       40      0.201      .0   0.143      .0   
 79      29      5     13      10.4     40      0.3        .0   0.2317     .0   
 79      29      5     13      15.7     40      0.3        .0   0.2186     .0   
 79      29      5     13      26.1     40      0.3        .0   0.1886     .0   
 79      29      5     13      31.5     40      0.3        .0   0.1773     .0   
 79      29      5     13      36.6     40      0.3        .0   0.1717     .0   
 79      29      5     13      39.7     40      0.3        .0   0.1689     .0   
 79      29      5     13      12       40      0.401      .0   0.316      .0   
 79      29      5     13      12       40      0.401      .0   0.322      .0   
 79      29      5     13      14       40      0.401      .0   0.314      .0   
 79      29      5     13      10.4     40      0.508      .0   0.4203     .0   
 79      29      5     13      15.7     40      0.508      .0   0.4034     .0   
 79      29      5     13      20.8     40      0.508      .0   0.3865     .0   
 79      29      5     13      26.1     40      0.508      .0   0.3668     .0   
 79      29      5     13      31.5     40      0.508      .0   0.3499     .0   
 79      29      5     13      36.6     40      0.508      .0   0.3405     .0   
 79      29      5     13      39.7     40      0.508      .0   0.3349     .0   
 79      29      5     13      14       40      0.604      .0   0.511      .0   
 79      29      5     13      10       40      0.604      .0   0.523      .0   
 79      29      5     13      12       40      0.604      .0   0.514      .0   
 79      29      5     13      10       52.5    0.2012     .0   0.154      .0   
 79      29      5     13      20       52.5    0.2012     .0   0.14       .0   
 79      29      5     13      30       52.5    0.2012     .0   0.122      .0   
 79      29      5     13      40       52.5    0.2012     .0   0.11       .0   
 79      29      5     13      10       52.5    0.401      .0   0.332      .0   
 79      29      5     13      20       52.5    0.401      .0   0.304      .0   
 79      29      5     13      30       52.5    0.401      .0   0.275      .0   
 79      29      5     13      40       52.5    0.401      .0   0.253      .0   
 79      29      5     13      10       52.5    0.6036     .0   0.531      .0   
 79      29      5     13      20       52.5    0.6036     .0   0.5        .0   
 79      29      5     13      30       52.5    0.6036     .0   0.462      .0   
 79      29      5     13      40       52.5    0.6036     .0   0.428      .0   
 79      29      5     13      20.8     40      0.3        .0   0.2054     .0   
 82      16      3     13      20       75      0.866      .0   0.807      .0   
 82      16      3     13      25       75      0.866      .0   0.809      .0   
 82      16      3     13      30       75      0.866      .0   0.813      .0   
 82      16      3     13      35       75      0.866      .0   0.818      .0   
 82      16      3     13      40       75      0.866      .0   0.826      .0   
 92      6       3     13      31.5     15.6    0.908      .0   0.866      .0   
 92      8       3     13      28.5     15.2    0.882      .0   0.837      .0   
 92      8       3     13      30       15.5    0.881      .0   0.826      .0   
 92      13      3     13      28.5     15.2    0.815      .0   0.725      .0   
 92      13      3     13      31.5     15.6    0.688      .0   0.578      .0   
 92      13      3     13      31.5     15.6    0.746      .0   0.644      .0   
 92      13      5     13      11       15.4    0.815      .0   0.728      .0   
 92      22      3     13      31.5     15.6    0.554      .0   0.474      .0   
 92      22      3     13      31.5     15.6    0.833      .0   0.779      .0   
 92      26      3     13      31.5     15.6    0.681      .0   0.586      .0   
 92      28      3     13      31.5     15.6    0.448      .0   0.353      .0   
 92      28      3     13      31.5     15.6    0.67       .0   0.58       .0   
 92      29      3     13      31.5     15.6    0.428      .0   0.343      .0   
 92      32      3     13      31.5     15.6    0.522      .0   0.436      .0 
