 5      22     1    13    4      40      0.1678   0.      0.1623   0 
 5      22     1    13    6      40      0.1678   0.      0.1242   0 
 5      22     1    13    8      40      0.1678   0.      0.099    0 
 5      22     1    13    10     40      0.1678   0.      0.0795   0 
 5      22     1    13    12     40      0.1678   0.      0.0699   0 
 5      22     1    13    15     40      0.1678   0.      0.0603   0 
 5      22     1    13    4      40      0.3007   0.      0.2956   0 
 5      22     1    13    6      40      0.3007   0.      0.2244   0 
 5      22     1    13    8      40      0.3007   0.      0.1807   0 
 5      22     1    13    10     40      0.3007   0.      0.1498   0 
 5      22     1    13    12     40      0.3007   0.      0.1279   0 
 5      23     1    13    4      40      0.284    0.      0.2583   0 
 5      23     1    13    6      40      0.284    0.      0.198    0 
 5      23     1    13    8      40      0.284    0.      0.1484   0 
 5      23     1    13    10     40      0.284    0.      0.1235   0 
 5      23     1    13    12     40      0.284    0.      0.1058   0 
 5      23     1    13    15     40      0.284    0.      0.0865   0 
 5      24     1    13    4      40      0.168    0.      0.1387   0 
 5      24     1    13    6      40      0.168    0.      0.0991   0 
 5      24     1    13    8      40      0.168    0.      0.0747   0 
 5      24     1    13    10     40      0.168    0.      0.0611   0 
 5      24     1    13    12     40      0.168    0.      0.0512   0 
 5      24     1    13    15     40      0.168    0.      0.0444   0 
 5      24     1    13    4      40      0.2731   0.      0.2301   0 
 5      24     1    13    6      40      0.2731   0.      0.1682   0 
 5      24     1    13    8      40      0.2731   0.      0.1268   0 
 5      24     1    13    10     40      0.2731   0.      0.1037   0 
 5      24     1    13    12     40      0.2731   0.      0.0891   0 
 5      24     1    13    15     40      0.2731   0.      0.0767   0 
 5      26     1    13    4      40      0.0882   0.      0.0611   0 
 5      26     1    13    8      40      0.0882   0.      0.029    0 
 5      26     1    13    15     40      0.1622   0.      0.0292   0 
 5      26     1    13    4      40      0.1622   0.      0.1131   0 
 5      26     1    13    8      40      0.1622   0.      0.0533   0 
 5      26     1    13    10     40      0.1622   0.      0.0404   0 
 5      26     1    13    12     40      0.1622   0.      0.0345   0 
 5      26     1    13    6      52.5    0.0882   0.      0.0409   0 
 5      26     1    13    10     52.5    0.0882   0.      0.0226   0 
 5      26     1    13    12     52.5    0.0882   0.      0.019    0 
 5      26     1    13    15     52.5    0.0882   0.      0.0169   0 
 5      26     1    13    6      52.5    0.1622   0.      0.0757   0 
 5      27     1    13    4      40      0.084    0.      0.0492   0 
 5      27     1    13    6      40      0.084    0.      0.0301   0 
 5      27     1    13    8      40      0.084    0.      0.0212   0 
 5      27     1    13    10     40      0.084    0.      0.0167   0 
 5      27     1    13    12     40      0.084    0.      0.0137   0 
 5      27     1    13    15     40      0.084    0.      0.0117   0 
 5      27     1    13    5      40      0.0882   0.      0.0446   0 
 5      27     1    13    10     40      0.0882   0.      0.021    0 
 5      27     1    13    15     40      0.0882   0.      0.016    0 
 5      27     1    13    4      40      0.155    0.      0.0981   0 
 5      27     1    13    6      40      0.155    0.      0.0619   0 
 5      27     1    13    8      40      0.155    0.      0.0423   0 
 5      27     1    13    10     40      0.155    0.      0.0333   0 
 5      27     1    13    12     40      0.155    0.      0.0282   0 
 5      27     1    13    15     40      0.155    0.      0.0239   0 
 5      28     1    13    4      40      0.0578   0.      0.0281   0 
 5      28     1    13    6      40      0.0578   0.      0.0164   0 
 5      28     1    13    8      40      0.0578   0.      0.0116   0 
 5      28     1    13    10     40      0.0578   0.      0.0091   0 
 5      28     1    13    12     40      0.0578   0.      0.0073   0 
 5      28     1    13    15     40      0.0578   0.      0.0062   0 
 5      28     1    13    4      40      0.0843   0.      0.0427   0 
 5      28     1    13    6      40      0.0843   0.      0.0251   0 
 5      28     1    13    8      40      0.0843   0.      0.0176   0 
 5      28     1    13    10     40      0.0843   0.      0.0143   0 
 5      28     1    13    12     40      0.0843   0.      0.0118   0 
 5      28     1    13    15     40      0.0843   0.      0.0095   0 
 5      28     1    13    5      40      0.0882   0.      0.0446   0 
 5      28     1    13    10     40      0.0882   0.      0.021    0 
 5      28     1    13    15     40      0.0882   0.      0.016    0 
 5      28     1    13    4      40      0.144    0.      0.0729   0 
 5      28     1    13    6      40      0.144    0.      0.0443   0 
 5      28     1    13    8      40      0.144    0.      0.0282   0 
 5      28     1    13    10     40      0.144    0.      0.0237   0 
 5      28     1    13    12     40      0.144    0.      0.0198   0 
 5      28     1    13    15     40      0.144    0.      0.0176   0 
 5      40     1    13    4      40      0.1789   0.      0.2597   0 
 5      40     1    13    6      40      0.1789   0.      0.2513   0 
 5      40     1    13    8      40      0.1789   0.      0.2452   0 
 5      40     1    13    10     40      0.1789   0.      0.2382   0 
 5      40     1    13    12     40      0.1789   0.      0.2382   0 
 5      40     1    13    15     40      0.1789   0.      0.2369   0 
 5      40     1    13    20     40      0.1789   0.      0.2536   0 
 5      40     1    13    30     40      0.1789   0.      0.2819   0 
 5      41     1    13    4      40      0.1042   0.      0.1558   0 
 5      41     1    13    6      40      0.1042   0.      0.1454   0 
 5      41     1    13    8      40      0.1042   0.      0.1407   0 
 5      41     1    13    10     40      0.1042   0.      0.138    0 
 5      41     1    13    12     40      0.1042   0.      0.1384   0 
 5      41     1    13    15     40      0.1042   0.      0.1423   0 
 5      41     1    13    4      40      0.1715   0.      0.2543   0 
 5      41     1    13    6      40      0.1715   0.      0.2325   0 
 5      41     1    13    8      40      0.1715   0.      0.2296   0 
 5      41     1    13    10     40      0.1715   0.      0.2226   0 
 5      41     1    13    12     40      0.1715   0.      0.2245   0 
 5      41     1    13    15     40      0.1715   0.      0.2298   0 
 5      42     1    13    4      40      0.1013   0.      0.1597   0 
 5      42     1    13    6      40      0.1013   0.      0.1489   0 
 5      42     1    13    8      40      0.1013   0.      0.1416   0 
 5      42     1    13    10     40      0.1013   0.      0.1396   0 
 5      42     1    13    12     40      0.1013   0.      0.1362   0 
 5      42     1    13    15     40      0.1013   0.      0.1395   0 
 5      57     1    13    4      40      0.3183   0.      0.4822   0 
 5      57     1    13    6      40      0.3183   0.      0.4626   0 
 5      57     1    13    8      40      0.3183   0.      0.4673   0 
 5      57     1    13    10     40      0.3183   0.      0.4807   0 
 5      57     1    13    12     40      0.3183   0.      0.5043   0 
 5      57     1    13    15     40      0.3183   0.      0.5391   0 
 5      57     1    13    20     40      0.3183   0.      0.6259   0 
 5      60     1    13    5      40      0.31     0.      0.27     0 
 5      60     1    13    10     40      0.31     0.      0.166    0 
 5      60     1    13    15     40      0.31     0.      0.137    0 
 5      73     1    13    4      40      0.0564   0.      0.0529   0 
 5      73     1    13    6      40      0.0564   0.      0.0355   0 
 5      73     1    13    8      40      0.0564   0.      0.0274   0 
 5      73     1    13    10     40      0.0564   0.      0.0223   0 
 5      73     1    13    12     40      0.0564   0.      0.0195   0 
 5      73     1    13    15     40      0.0564   0.      0.0194   0 
 5      73     1    13    4      40      0.0923   0.      0.0928   0 
 5      73     1    13    6      40      0.0923   0.      0.0609   0 
 5      73     1    13    8      40      0.0923   0.      0.0459   0 
 5      73     1    13    10     40      0.0923   0.      0.0369   0 
 5      73     1    13    12     40      0.0923   0.      0.0324   0 
 5      73     1    13    15     40      0.0923   0.      0.0312   0 
 5      74     1    13    4      40      0.0555   0.      0.0546   0 
 5      74     1    13    6      40      0.0555   0.      0.0381   0 
 5      74     1    13    8      40      0.0555   0.      0.0295   0 
 5      74     1    13    10     40      0.0555   0.      0.0238   0 
 5      74     1    13    12     40      0.0555   0.      0.021    0 
 5      74     1    13    15     40      0.0555   0.      0.0188   0 
 5      92     1    13    4      40      0.1537   0.      0.2274   0 
 5      92     1    13    6      40      0.1537   0.      0.198    0 
 5      92     1    13    8      40      0.1537   0.      0.1761   0 
 5      92     1    13    10     40      0.1537   0.      0.1634   0 
 5      92     1    13    12     40      0.1537   0.      0.1566   0 
 5      92     1    13    15     40      0.1537   0.      0.1526   0 
 12     39     1    13    16.5   17.5    0.406    0.      0.274    0 
 13     28     1    13    5.3    40      0.049    0.      0.0473   0 
 13     28     1    13    5.3    40      0.125    0.      0.1246   0 
 14     26     1    13    10     20      0.086    0.      0.066    0 
 14     26     1    13    15     20      0.086    0.      0.044    0 
 14     26     1    13    10     52.5    0.086    0.      0.0829   0 
 14     26     1    13    15     52.5    0.086    0.      0.0677   0 
 14     26     1    13    10     75      0.086    0.      0.0846   0 
 14     26     1    13    15     75      0.086    0.      0.0723   0 
 14     42     1    13    5      20      0.369    0.      0.399    0 
 14     42     1    13    10     20      0.369    0.      0.34     0 
 14     42     1    13    15     20      0.369    0.      0.284    0 
 14     42     1    13    20     20      0.369    0.      0.241    0 
 14     42     1    13    25     20      0.369    0.      0.198    0 
 14     42     1    13    30     20      0.369    0.      0.176    0 
 14     42     1    13    35     20      0.369    0.      0.159    0 
 22     8      1    13    10     40      0.5995   0.      0.55     0 
 23     14     1    13    10     20      0.47     0.      0.431    0 
 23     14     1    13    10     52.5    0.47     0.      0.4475   0 
 23     14     1    13    10     75      0.47     0.      0.4371   0 
 26     13     1    13    10     16.5    0.408    0.      0.36     0 
 26     13     1    13    10     40      0.4083   0.      0.351    0 
 26     50     1    13    20     40      0.1905   0.      0.1859   0 
 28     13     1    13    10     16.2    0.421    0.      0.36     0 
 28     13     1    13    10     40      0.4204   0.      0.365    0 
 28     78     1    13    30     15.5    0.065    0.      0.067    0 
 28     78     1    13    30     15.5    0.164    0.      0.166    0 
 28     78     1    13    30     15.5    0.297    0.      0.305    0 
 29     13     1    13    15.9   40      0.0555   0.      0.0469   0 
 29     13     1    13    21.2   40      0.0555   0.      0.0479   0 
 29     13     1    13    31.8   40      0.0555   0.      0.0487   0 
 29     13     1    13    10     40      0.541    0.      0.456    0 
 29     13     3    13    15.9   40      0.0555   0.      0.0515   0 
 29     13     3    13    21.2   40      0.0555   0.      0.0523   0 
 29     13     3    13    31.8   40      0.0555   0.      0.0514   0 
 29     13     3    13    39.9   40      0.0555   0.      0.0509   0 
 29     79     1    13    30     15.5    0.201    0.      0.194    0 
 29     79     1    13    16.8   16      0.4      0.      0.456    0 
 29     79     1    13    22.5   16      0.4      0.      0.426    0 
 29     79     1    13    25     18      0.199    0.      0.213    0 
 29     79     1    13    25     18      0.396    0.      0.417    0 
 29     79     1    13    12     40      0.198    0.      0.264    0 
 29     79     1    13    14     40      0.198    0.      0.257    0 
 29     79     1    13    16     40      0.198    0.      0.252    0 
 29     79     1    13    20     40      0.198    0.      0.245    0 
 29     79     1    13    25     40      0.198    0.      0.235    0 
 29     79     1    13    16     40      0.396    0.      0.472    0 
 29     79     1    13    12     40      0.396    0.      0.494    0 
 29     79     1    13    14     40      0.396    0.      0.476    0 
 29     79     1    13    20     40      0.396    0.      0.463    0 
 29     79     1    13    25     40      0.396    0.      0.447    0 
 29     79     1    13    13     40      0.492    0.      0.585    0 
 29     79     1    13    15.7   40      0.492    0.      0.5697   0 
 29     79     1    13    20.9   40      0.492    0.      0.5534   0 
 29     79     1    13    12     40      0.599    0.      0.694    0 
 29     79     1    13    14     40      0.599    0.      0.675    0 
 29     79     1    13    16     40      0.599    0.      0.67     0 
 29     79     1    13    14     40      0.604    0.      0.511    0 
 29     79     1    13    12     52.5    0.1983   0.      0.273    0 
 29     79     1    13    15     52.5    0.1983   0.      0.254    0 
 29     79     1    13    20     52.5    0.1983   0.      0.247    0 
 29     79     1    13    25     52.5    0.1983   0.      0.24     0 
 29     79     1    13    30     52.5    0.1983   0.      0.235    0 
 29     79     1    13    12     52.5    0.3964   0.      0.5      0 
 29     79     1    13    15     52.5    0.3964   0.      0.48     0 
 29     79     1    13    20     52.5    0.3964   0.      0.464    0 
 29     79     1    13    25     52.5    0.3964   0.      0.443    0 
 29     79     1    13    12     52.5    0.5992   0.      0.698    0 
 29     79     1    13    15     52.5    0.5992   0.      0.676    0 
 29     79     3    13    5      52.5    0.1983   0.      0.21     0 
 29     79     3    13    7.5    52.5    0.1983   0.      0.203    0 
 29     79     3    13    10     52.5    0.1983   0.      0.166    0 
 29     79     3    13    12     52.5    0.1983   0.      0.155    0 
 29     79     3    13    15     52.5    0.1983   0.      0.136    0 
 29     79     3    13    20     52.5    0.1983   0.      0.109    0 
 29     79     3    13    25     52.5    0.1983   0.      0.097    0 
 29     79     3    13    30     52.5    0.1983   0.      0.087    0 
 29     79     3    13    40     52.5    0.1983   0.      0.067    0 
 29     79     3    13    48.5   52.5    0.1983   0.      0.069    0 
 29     79     3    13    5      52.5    0.3964   0.      0.417    0 
 29     79     3    13    7.5    52.5    0.3964   0.      0.404    0 
 29     79     3    13    10     52.5    0.3964   0.      0.354    0 
 29     79     3    13    12     52.5    0.3964   0.      0.325    0 
 29     79     3    13    15     52.5    0.3964   0.      0.295    0 
 29     79     3    13    20     52.5    0.3964   0.      0.247    0 
 29     79     3    13    25     52.5    0.3964   0.      0.219    0 
 29     79     3    13    30     52.5    0.3964   0.      0.2      0 
 29     79     3    13    40     52.5    0.3964   0.      0.166    0 
 29     79     3    13    5      52.5    0.5992   0.      0.619    0 
 40     13     1    13    28.5   15      0.53     0.      0.472    0 
 40     13     1    13    28.5   15      0.53     0.      0.472    0 
 40     14     1    13    28.5   15      0.62     0.      0.544    0 
 40     14     1    13    28.5   15      0.62     0.      0.544    0 
 41     92     3    13    10     40      0.0132   0.      0.0144   0 
 41     92     3    13    15     40      0.0132   0.      0.0119   0 
 41     92     3    13    20     40      0.0132   0.      0.0108   0 
 41     92     3    13    25     40      0.0132   0.      0.0097   0 
 41     92     3    13    30     40      0.0132   0.      0.0086   0 
 41     92     3    13    35     40      0.0132   0.      0.0082   0 
 41     92     3    13    40     40      0.0132   0.      0.0077   0 
 41     92     3    13    10     40      0.0189   0.      0.0205   0 
 41     92     3    13    15     40      0.0189   0.      0.0172   0 
 41     92     3    13    20     40      0.0189   0.      0.0156   0 
 41     92     3    13    25     40      0.0189   0.      0.0137   0 
 41     92     3    13    30     40      0.0189   0.      0.0128   0 
 41     92     3    13    35     40      0.0189   0.      0.0118   0 
 41     92     3    13    40     40      0.0189   0.      0.0112   0 
 41     92     3    13    10     40      0.0406   0.      0.044    0 
 41     92     3    13    15     40      0.0406   0.      0.0362   0 
 41     92     3    13    20     40      0.0406   0.      0.0334   0 
 41     92     3    13    25     40      0.0406   0.      0.0301   0 
 41     92     3    13    30     40      0.0406   0.      0.0271   0 
 41     92     3    13    35     40      0.0406   0.      0.0253   0 
 41     92     3    13    40     40      0.0406   0.      0.0235   0 
 41     92     3    13    10     40      0.0587   0.      0.0629   0 
 41     92     3    13    15     40      0.0587   0.      0.0527   0 
 41     92     3    13    20     40      0.0587   0.      0.0479   0 
 41     92     3    13    25     40      0.0587   0.      0.0433   0 
 41     92     3    13    30     40      0.0587   0.      0.0396   0 
 41     92     3    13    35     40      0.0587   0.      0.037    0 
 41     92     3    13    40     40      0.0587   0.      0.034    0 
 41     92     3    13    10     40      0.0741   0.      0.0817   0 
 41     92     3    13    15     40      0.0741   0.      0.0661   0 
 41     92     3    13    20     40      0.0741   0.      0.0611   0 
 41     92     3    13    25     40      0.0741   0.      0.0549   0 
 41     92     3    13    30     40      0.0741   0.      0.0501   0 
 41     92     3    13    35     40      0.0741   0.      0.0468   0 
 41     92     3    13    40     40      0.0741   0.      0.0434   0 
 41     92     3    13    10     40      0.1286   0.      0.1417   0 
 41     92     3    13    15     40      0.1286   0.      0.1158   0 
 41     92     3    13    20     40      0.1286   0.      0.1066   0 
 41     92     3    13    25     40      0.1286   0.      0.0965   0 
 42     8      3    13    5      40      0.67     0.      0.539    0 
 42     8      3    13    10     40      0.67     0.      0.581    0 
 42     14     1    13    30     20      0.631    0.      0.56     0 
 42     74     3    13    5      18      0.215    0.      0.23     0 
 42     74     3    13    10     52.5    0.2      0.      0.212    0 
 46     79     3    13    5.2    40      0.359    0.      0.3921   0 
 47     79     3    13    10     40      0.1995   0.      0.1853   0 
 47     79     3    13    5      52.5    0.1996   0.      0.223    0 
 47     79     3    13    10     52.5    0.1996   0.      0.191    0 
 47     79     3    13    5      52.5    0.1996   0.      0.223    0 
 47     79     3    13    5      52.5    0.3992   0.      0.436    0 
 47     79     3    13    5      52.5    0.3992   0.      0.436    0 
 51     83     3    13    10     52.5    0.0277   0.      0.0277   0 
 51     83     3    13    10     52.5    0.0502   0.      0.0502   0 
 51     83     3    13    10     52.5    0.1058   0.      0.1058   0 
 51     83     3    13    10     52.5    0.1664   0.      0.1664   0 
 78     28     3    13    30     15.5    0.449    0.      0.345    0 
 79     29     3    13    30     15.5    0.206    0.      0.152    0 
 79     29     3    13    30     15.5    0.402    0.      0.324    0 
 79     29     3    13    28.2   17.3    0.025    0.      0.016    0 
 79     29     3    13    16.8   17.3    0.2      0.      0.147    0 
 79     29     3    13    19.8   17.3    0.2      0.      0.145    0 
 79     29     3    13    22.5   17.3    0.2      0.      0.147    0 
 79     29     3    13    28.2   17.3    0.2      0.      0.146    0 
 79     29     3    13    33.9   17.3    0.2      0.      0.14     0 
 79     29     3    13    28.5   17.3    0.238    0.      0.174    0 
 79     29     3    13    28.2   17.3    0.4      0.      0.31     0 
 79     29     3    13    16.8   17.3    0.6      0.      0.498    0 
 79     29     3    13    19.8   17.3    0.6      0.      0.5      0 
 79     29     3    13    22.5   17.3    0.6      0.      0.514    0 
 79     29     3    13    25     18      0.201    0.      0.149    0 
 79     29     3    13    25     18      0.401    0.      0.314    0 
 79     29     3    13    16     40      0.201    0.      0.147    0 
 79     29     3    13    20     40      0.201    0.      0.153    0 
 79     29     3    13    25     40      0.201    0.      0.155    0 
 79     29     3    13    13     40      0.3      0.      0.2319   0 
 79     29     3    13    15.7   40      0.3      0.      0.2278   0 
 79     29     3    13    20.9   40      0.3      0.      0.2365   0 
 79     29     3    13    26.1   40      0.3      0.      0.2402   0 
 79     29     3    13    31.3   40      0.3      0.      0.2413   0 
 79     29     3    13    16     40      0.401    0.      0.323    0 
 79     29     3    13    20     40      0.401    0.      0.334    0 
 79     29     3    13    25     40      0.401    0.      0.338    0 
 79     29     3    13    13     40      0.508    0.      0.4174   0 
 79     29     3    13    15.7   40      0.508    0.      0.4142   0 
 79     29     3    13    20.9   40      0.508    0.      0.4285   0 
 79     29     3    13    26.1   40      0.508    0.      0.4348   0 
 79     29     3    13    16     40      0.604    0.      0.518    0 
 79     29     3    13    20     40      0.604    0.      0.53     0 
 79     29     3    13    15     52.5    0.2012   0.      0.145    0 
 79     29     3    13    20     52.5    0.2012   0.      0.158    0 
 79     29     3    13    25     52.5    0.2012   0.      0.154    0 
 79     29     3    13    30     52.5    0.2012   0.      0.157    0 
 79     29     3    13    39.5   52.5    0.2012   0.      0.164    0 
 79     29     3    13    15     52.5    0.401    0.      0.313    0 
 79     29     3    13    20     52.5    0.401    0.      0.333    0 
 79     29     3    13    25     52.5    0.401    0.      0.331    0 
 79     29     3    13    30     52.5    0.401    0.      0.331    0 
 79     29     3    13    15     52.5    0.6036   0.      0.511    0 
 79     29     3    13    20     52.5    0.6036   0.      0.531    0 
 79     29     5    13    12     40      0.201    0.      0.147    0 
 79     29     5    13    14     40      0.201    0.      0.143    0 
 79     29     5    13    5.2    40      0.3      0.      0.2317   0 
 79     29     5    13    10.4   40      0.3      0.      0.2317   0 
 79     29     5    13    15.7   40      0.3      0.      0.2186   0 
 79     29     5    13    12     40      0.401    0.      0.316    0 
 79     29     5    13    12     40      0.401    0.      0.322    0 
 79     29     5    13    14     40      0.401    0.      0.314    0 
 79     29     5    13    5.2    40      0.508    0.      0.4259   0 
 79     29     5    13    10.4   40      0.508    0.      0.4203   0 
 79     29     5    13    5      52.5    0.2012   0.      0.157    0 
 79     29     5    13    10     52.5    0.2012   0.      0.154    0 
 79     29     5    13    20     52.5    0.2012   0.      0.14     0 
 79     29     5    13    30     52.5    0.2012   0.      0.122    0 
 79     29     5    13    40     52.5    0.2012   0.      0.11     0 
 79     29     5    13    5      52.5    0.401    0.      0.334    0 
 79     29     5    13    10     52.5    0.401    0.      0.332    0 
 79     29     5    13    5      52.5    0.6036   0.      0.533    0 
 79     29     5    13    20.8   40      0.3      0.      0.2054   0 
 79     47     3    13    20     18      0.224    0.      0.199    0 
 79     47     3    13    20     18      0.4      0.      0.359    0 
 79     47     3    13    15     40      0.2243   0.      0.2081   0 
 79     47     3    13    20     40      0.2243   0.      0.2072   0 
 79     47     3    13    25     40      0.2243   0.      0.2101   0 
 79     47     3    13    15     40      0.4003   0.      0.3658   0 
 79     47     3    13    20     40      0.4003   0.      0.3755   0 
 79     47     3    13    15     52.5    0.2243   0.      0.203    0 
 79     47     3    13    20     52.5    0.2243   0.      0.203    0 
 79     47     3    13    15     52.5    0.4003   0.      0.368    0 
 79     47     3    13    20     52.5    0.4003   0.      0.366    0 
 79     47     5    13    10     40      0.2243   0.      0.2028   0 
 79     47     5    13    5      52.5    0.2243   0.      0.198    0 
 79     47     5    13    10     52.5    0.2243   0.      0.201    0 
 79     47     5    13    5      52.5    0.4003   0.      0.365    0 
 92     13     3    13    28.5   15.2    0.815    0.      0.725    0 
 92     13     3    13    31.5   15.6    0.688    0.      0.578    0 
 92     13     3    13    31.5   15.6    0.746    0.      0.644    0 
 92     22     3    13    31.5   15.6    0.554    0.      0.474    0 
 92     26     3    13    31.5   15.6    0.681    0.      0.586    0 
 92     28     3    13    31.5   15.6    0.448    0.      0.353    0 
 92     28     3    13    31.5   15.6    0.67     0.      0.58     0 
 92     29     3    13    31.5   15.6    0.428    0.      0.343    0 
 92     32     3    13    31.5   15.6    0.522    0.      0.436    0 
