 .500000 .000000 .500000 756.000
 .525000 .000000 .525000 .000000
 .550000 .000000 .550000 .000000
 .575000 .000000 .575000 .000000
 .600000 .000000 .600000 .000000
 .625000 .000000 .625000 .000000
 .650000 .000000 .650000 .000000
 .675000 .000000 .675000 .000000
 .700000 .000000 .700000 .000000
 .725000 .000000 .725000 .000000
 .750000 .000000 .750000 .000000
 .775000 1.00000 .775000 .000000
 .800000 1.00000 .800000 .000000
 .825000 4.00000 .825000 .000000
 .850000 8.00000 .850000 .000000
 .875000 8.00000 .875000 .000000
 .900000 18.0000 .900000 .000000
 .925000 16.0000 .925000 .000000
 .950000 34.0000 .950000 .000000
 .975000 145.000 .975000 .000000
 1.00000 308.000 1.00000 .000000
 1.02500 130.000 1.02500 .000000
 1.05000 38.0000 1.05000 .000000
 1.07500 20.0000 1.07500 .000000
 1.10000 14.0000 1.10000 .000000
 1.12500 4.00000 1.12500 .000000
 1.15000 4.00000 1.15000 .000000
 1.17500 3.00000 1.17500 .000000
 1.20000 .000000 1.20000 .000000
 1.22500 .000000 1.22500 .000000
 1.25000 .000000 1.25000 .000000
 1.27500 .000000 1.27500 .000000
 1.30000 .000000 1.30000 .000000
 1.32500 .000000 1.32500 .000000
 1.35000 .000000 1.35000 .000000
 1.37500 .000000 1.37500 .000000
 1.40000 .000000 1.40000 .000000
 1.42500 .000000 1.42500 .000000
 1.45000 .000000 1.45000 .000000
 1.47500 .000000 1.47500 .000000
