79	29	3	7	25	40	0.802	0	0.762	0
79	29	3	7	20	40	0.802	0	0.761	0
79	29	3	7	16	40	0.802	0	0.751	0
29	79	1	7	25	40	0.198	0	0.235	0
29	79	1	7	20	40	0.198	0	0.245	0
29	79	1	7	16	40	0.198	0	0.252	0
79	29	3	7	25	40	0.604	0	0.537	0
79	29	3	7	20	40	0.604	0	0.53	0
79	29	3	7	16	40	0.604	0	0.518	0
29	79	1	7	25	40	0.396	0	0.447	0
29	79	1	7	20	40	0.396	0	0.463	0
29	79	1	7	16	40	0.396	0	0.472	0
79	29	3	7	25	40	0.401	0	0.338	0
79	29	3	7	20	40	0.401	0	0.334	0
79	29	3	7	16	40	0.401	0	0.323	0
29	79	1	7	25	40	0.599	0	0.643	0
29	79	1	7	20	40	0.599	0	0.655	0
29	79	1	7	16	40	0.599	0	0.67	0
79	29	3	7	25	40	0.201	0	0.155	0
79	29	3	7	20	40	0.201	0	0.153	0
79	29	3	7	16	40	0.201	0	0.147	0
29	79	1	7	25	40	0.799	0	0.827	0
29	79	1	7	20	40	0.799	0	0.835	0
29	79	1	7	16	40	0.799	0	0.845	0
79	29	5	7	14	40	0.802	0	0.742	0
79	29	5	7	12	40	0.802	0	0.745	0
79	29	5	7	10	40	0.802	0	0.756	0
29	79	1	7	14	40	0.198	0	0.257	0
29	79	1	7	12	40	0.198	0	0.264	0
79	29	5	7	14	40	0.604	0	0.511	0
79	29	5	7	12	40	0.604	0	0.514	0
79	29	5	7	10	40	0.604	0	0.523	0
29	79	1	7	14	40	0.396	0	0.476	0
29	79	1	7	12	40	0.396	0	0.494	0
79	29	5	7	14	40	0.401	0	0.314	0
79	29	5	7	12	40	0.401	0	0.316	0
79	29	5	7	10	40	0.401	0	0.322	0
29	79	1	7	14	40	0.599	0	0.675	0
29	79	1	7	12	40	0.599	0	0.694	0
79	29	5	7	14	40	0.201	0	0.143	0
79	29	5	7	12	40	0.201	0	0.147	0
29	79	1	7	14	40	0.799	0	0.845	0
29	79	1	7	12	40	0.799	0	0.853	0
79	47	3	7	15	52.5	0.2243	0	0.203	0
79	47	3	7	20	52.5	0.2243	0	0.203	0
79	47	3	7	30	52.5	0.2243	0	0.211	0
79	47	3	7	40	52.5	0.2243	0	0.216	0
79	47	3	7	15	52.5	0.4003	0	0.368	0
79	47	3	7	20	52.5	0.4003	0	0.366	0
79	47	3	7	30	52.5	0.4003	0	0.376	0
79	47	3	7	40	52.5	0.4003	0	0.384	0
79	47	3	7	15	52.5	0.6005	0	0.566	0
79	47	3	7	20	52.5	0.6005	0	0.573	0
79	47	3	7	30	52.5	0.6005	0	0.58	0
79	47	3	7	40	52.5	0.6005	0	0.584	0
79	47	3	7	15	52.5	0.8005	0	0.789	0
79	47	3	7	20	52.5	0.8005	0	0.783	0
79	47	3	7	30	52.5	0.8005	0	0.783	0
79	47	3	7	40	52.5	0.8005	0	0.79	0
79	47	5	7	10	52.5	0.2243	0	0.201	0
79	47	5	7	20	52.5	0.2243	0	0.197	0
79	47	5	7	30	52.5	0.2243	0	0.192	0
79	47	5	7	40	52.5	0.2243	0	0.185	0
79	47	5	7	10	52.5	0.4003	0	0.362	0
79	47	5	7	20	52.5	0.4003	0	0.364	0
79	47	5	7	30	52.5	0.4003	0	0.351	0
79	47	5	7	40	52.5	0.4003	0	0.344	0
79	47	5	7	10	52.5	0.6005	0	0.559	0
79	47	5	7	20	52.5	0.6005	0	0.551	0
79	47	5	7	30	52.5	0.6005	0	0.547	0
79	47	5	7	40	52.5	0.6005	0	0.541	0
79	47	5	7	10	52.5	0.8005	0	0.771	0
79	47	5	7	20	52.5	0.8005	0	0.764	0
79	47	5	7	30	52.5	0.8005	0	0.766	0
79	47	5	7	40	52.5	0.8005	0	0.761	0
47	79	3	7	5	52.5	0.1996	0	0.223	0
47	79	3	7	10	52.5	0.1996	0	0.191	0
47	79	3	7	20	52.5	0.1996	0	0.144	0
47	79	3	7	30	52.5	0.1996	0	0.109	0
47	79	3	7	40	52.5	0.1996	0	0.0887	0
47	79	3	7	5	52.5	0.3992	0	0.436	0
47	79	3	7	10	52.5	0.3992	0	0.386	0
47	79	3	7	20	52.5	0.3992	0	0.309	0
47	79	3	7	30	52.5	0.3992	0	0.245	0
47	79	3	7	40	52.5	0.3992	0	0.208	0
47	79	3	7	5	52.5	0.5993	0	0.624	0
47	79	3	7	10	52.5	0.5993	0	0.584	0
47	79	3	7	20	52.5	0.5993	0	0.504	0
47	79	3	7	30	52.5	0.5993	0	0.426	0
47	79	3	7	40	52.5	0.5993	0	0.375	0
47	79	3	7	5	52.5	0.7758	0	0.807	0
47	79	3	7	10	52.5	0.7758	0	0.764	0
47	79	3	7	20	52.5	0.7758	0	0.706	0
47	79	3	7	30	52.5	0.7758	0	0.636	0
47	79	3	7	40	52.5	0.7758	0	0.586	0
29	79	1	7	15	52.5	0.1983	0	0.254	0
29	79	1	7	20	52.5	0.1983	0	0.247	0
29	79	1	7	25	52.5	0.1983	0	0.24	0
29	79	1	7	30	52.5	0.1983	0	0.235	0
29	79	1	7	40	52.5	0.1983	0	0.218	0
29	79	1	7	15	52.5	0.3964	0	0.48	0
29	79	1	7	20	52.5	0.3964	0	0.464	0
29	79	1	7	25	52.5	0.3964	0	0.453	0
29	79	1	7	30	52.5	0.3964	0	0.443	0
29	79	1	7	40	52.5	0.3964	0	0.416	0
29	79	1	7	15	52.5	0.5992	0	0.676	0
29	79	1	7	20	52.5	0.5992	0	0.663	0
29	79	1	7	25	52.5	0.5992	0	0.651	0
29	79	1	7	30	52.5	0.5992	0	0.644	0
29	79	1	7	40	52.5	0.5992	0	0.616	0
29	79	1	7	15	52.5	0.7985	0	0.851	0
29	79	1	7	20	52.5	0.7985	0	0.841	0
29	79	1	7	25	52.5	0.7985	0	0.834	0
29	79	1	7	30	52.5	0.7985	0	0.826	0
29	79	1	7	40	52.5	0.7985	0	0.815	0
79	29	3	7	15	52.5	0.2012	0	0.145	0
79	29	3	7	20	52.5	0.2012	0	0.158	0
79	29	3	7	25	52.5	0.2012	0	0.154	0
79	29	3	7	30	52.5	0.2012	0	0.157	0
79	29	3	7	15	52.5	0.401	0	0.312	0
79	29	3	7	20	52.5	0.401	0	0.333	0
79	29	3	7	25	52.5	0.401	0	0.331	0
79	29	3	7	30	52.5	0.401	0	0.331	0
79	29	3	7	15	52.5	0.6036	0	0.511	0
79	29	3	7	20	52.5	0.6036	0	0.531	0
79	29	3	7	25	52.5	0.6036	0	0.529	0
79	29	3	7	30	52.5	0.6036	0	0.533	0
79	29	3	7	15	52.5	0.8015	0	0.74	0
79	29	3	7	20	52.5	0.8015	0	0.752	0
79	29	3	7	25	52.5	0.8015	0	0.745	0
79	29	3	7	30	52.5	0.8015	0	0.754	0
79	29	3	7	35	52.5	0.8015	0	0.758	0
79	29	3	7	40	52.5	0.8015	0	0.751	0
79	29	5	7	10	52.5	0.2012	0	0.154	0
79	29	5	7	20	52.5	0.2012	0	0.14	0
79	29	5	7	30	52.5	0.2012	0	0.122	0
79	29	5	7	40	52.5	0.2012	0	0.11	0
79	29	5	7	10	52.5	0.401	0	0.332	0
79	29	5	7	20	52.5	0.401	0	0.304	0
79	29	5	7	30	52.5	0.401	0	0.275	0
79	29	5	7	40	52.5	0.401	0	0.253	0
79	29	5	7	10	52.5	0.6036	0	0.531	0
79	29	5	7	20	52.5	0.6036	0	0.5	0
79	29	5	7	30	52.5	0.6036	0	0.462	0
79	29	5	7	40	52.5	0.6036	0	0.428	0
79	29	5	7	10	52.5	0.8015	0	0.749	0
79	29	5	7	20	52.5	0.8015	0	0.728	0
79	29	5	7	30	52.5	0.8015	0	0.704	0
79	29	5	7	40	52.5	0.8015	0	0.675	0
79	29	3	7	13	40	0.3	0	0.2319	0
79	29	3	7	13	40	0.508	0	0.4174	0
29	79	1	7	13	40	0.7	0	0.7758	0
29	79	1	7	13	40	0.492	0	0.585	0
47	79	4	7	15	52.5	0.1996	0	0.167	0
47	79	4	7	20	52.5	0.1996	0	0.146	0
47	79	4	7	30	52.5	0.1996	0	0.112	0
47	79	4	7	40	52.5	0.1996	0	0.0898	0
47	79	4	7	15	52.5	0.3992	0	0.349	0
47	79	4	7	20	52.5	0.3992	0	0.312	0
47	79	4	7	30	52.5	0.3992	0	0.253	0
47	79	4	7	40	52.5	0.3992	0	0.209	0
47	79	4	7	15	52.5	0.5993	0	0.548	0
47	79	4	7	20	52.5	0.5993	0	0.506	0
47	79	4	7	30	52.5	0.5993	0	0.436	0
47	79	4	7	40	52.5	0.5993	0	0.368	0
47	79	4	7	15	52.5	0.7758	0	0.742	0
47	79	4	7	20	52.5	0.7758	0	0.7	0
47	79	4	7	30	52.5	0.7758	0	0.645	0
47	79	4	7	40	52.5	0.7758	0	0.574	0
