13       26        1      13       20       52.5    0.241     .0      0.124     .0
13       26        1      13       25       52.5    0.241     .0      0.098     .0
13       26        1      13       30       52.5    0.241     .0      0.083     .0
26       13        1      13       20       52.5    0.759     .0      0.736     .0
26       13        1      13       25       52.5    0.759     .0      0.742     .0
26       13        1      13       30       52.5    0.759     .0      0.748     .0
26       16        1      13       10       75      0.466     .0      0.406     .0
26       16        1      13       12       75      0.466     .0      0.421     .0
26       16        1      13       15       75      0.466     .0      0.425     .0
26       16        1      13       20       75      0.466     .0      0.425     .0
26       16        1      13       25       75      0.466     .0      0.422     .0
26       16        1      13       30       75      0.466     .0      0.419     .0
13        5        1      13       4        40      0.5551    .0      0.515     .0
13        5        1      13       6        40      0.5551    .0      0.5178    .0
13        5        1      13       8        40      0.5551    .0      0.5188    .0
13        5        1      13       10       40      0.5551    .0      0.52      .0
13        5        1      13       12       40      0.5551    .0      0.5198    .0
13        5        1      13       15       40      0.5551    .0      0.517     .0
13        5        1      13       20       40      0.5551    .0      0.513     .0
13        5        1      13       25       40      0.5551    .0      0.508     .0
13        5        1      13       30       40      0.5551    .0      0.503     .0
13        5        1      13       4        40      0.1722    .0      0.15      .0
13        5        1      13       6        40      0.1722    .0      0.1502    .0
13        5        1      13       8        40      0.1722    .0      0.1503    .0
13        5        1      13       10       40      0.1722    .0      0.1503    .0
13        5        1      13       12       40      0.1722    .0      0.1503    .0
13        5        1      13       15       40      0.1722    .0      0.1504    .0
13        5        1      13       20       40      0.1722    .0      0.1495    .0
13        5        1      13       25       40      0.1722    .0      0.149     .0
13        5        1      13       30       40      0.1722    .0      0.1455    .0
14        5        1      13       4        40      0.478     .0      0.4465    .0
14        5        1      13       6        40      0.478     .0      0.4528    .0
14        5        1      13       8        40      0.478     .0      0.458     .0
14        5        1      13       10       40      0.478     .0      0.4622    .0
14        5        1      13       12       40      0.478     .0      0.4658    .0
14        5        1      13       15       40      0.478     .0      0.4696    .0
14        5        1      13       20       40      0.478     .0      0.4738    .0
14        5        1      13       25       40      0.478     .0      0.4758    .0
14        5        1      13       30       40      0.478     .0      0.476     .0
14        5        1      13       4        40      0.3143    .0      0.29      .0
14        5        1      13       6        40      0.3143    .0      0.294     .0
14        5        1      13       8        40      0.3143    .0      0.2978    .0
14        5        1      13       10       40      0.3143    .0      0.3002    .0
14        5        1      13       12       40      0.3143    .0      0.3036    .0
14        5        1      13       15       40      0.3143    .0      0.3072    .0
14        5        1      13       20       40      0.3143    .0      0.312     .0
14        5        1      13       25       40      0.3143    .0      0.314     .0
14        5        1      13       30       40      0.3143    .0      0.3156    .0
22        5        1      13       6        40      0.8322    .0      0.7922    .0
22        5        1      13       8        40      0.8322    .0      0.7937    .0
22        5        1      13       10       40      0.8322    .0      0.7942    .0
22        5        1      13       12       40      0.8322    .0      0.796     .0
22        5        1      13       15       40      0.8322    .0      0.7978    .0
22        5        1      13       20       40      0.8322    .0      0.8012    .0
22        5        1      13       25       40      0.8322    .0      0.8042    .0
22        5        1      13       30       40      0.8322    .0      0.8077    .0
22        5        1      13       6        40      0.6993    .0      0.633     .0
22        5        1      13       8        40      0.6993    .0      0.64      .0
22        5        1      13       10       40      0.6993    .0      0.6462    .0
22        5        1      13       12       40      0.6993    .0      0.6513    .0
22        5        1      13       15       40      0.6993    .0      0.6578    .0
22        5        1      13       20       40      0.6993    .0      0.6662    .0
22        5        1      13       25       40      0.6993    .0      0.6738    .0
22        5        1      13       30       40      0.6993    .0      0.6782    .0
23        5        1      13       6        40      0.716     .0      0.6378    .0
23        5        1      13       8        40      0.716     .0      0.65      .0
23        5        1      13       10       40      0.716     .0      0.6602    .0
23        5        1      13       12       40      0.716     .0      0.6681    .0
23        5        1      13       15       40      0.716     .0      0.677     .0
23        5        1      13       20       40      0.716     .0      0.6878    .0
23        5        1      13       25       40      0.716     .0      0.6939    .0
23        5        1      13       30       40      0.716     .0      0.6977    .0
24        5        1      13       8        40      0.832     .0      0.7758    .0
24        5        1      13       10       40      0.832     .0      0.784     .0
24        5        1      13       12       40      0.832     .0      0.7905    .0
24        5        1      13       15       40      0.832     .0      0.7981    .0
24        5        1      13       20       40      0.832     .0      0.807     .0
24        5        1      13       25       40      0.832     .0      0.8122    .0
24        5        1      13       30       40      0.832     .0      0.8156    .0
24        5        1      13       8        40      0.7269    .0      0.623     .0
24        5        1      13       10       40      0.7269    .0      0.6374    .0
24        5        1      13       12       40      0.7269    .0      0.648     .0
24        5        1      13       15       40      0.7269    .0      0.6603    .0
24        5        1      13       20       40      0.7269    .0      0.6738    .0
24        5        1      13       25       40      0.7269    .0      0.681     .0
24        5        1      13       30       40      0.7269    .0      0.685     .0
26        5        1      13       8        40      0.9118    .0      0.868     .0
26        5        1      13       10       40      0.9118    .0      0.873     .0
26        5        1      13       12       40      0.9118    .0      0.8764    .0
26        5        1      13       15       40      0.9118    .0      0.8821    .0
26        5        1      13       20       40      0.9118    .0      0.8888    .0
26        5        1      13       25       40      0.9118    .0      0.894     .0
26        5        1      13       30       40      0.9118    .0      0.897     .0
26        5        1      13       8        40      0.8378    .0      0.7823    .0
26        5        1      13       10       40      0.8378    .0      0.7922    .0
26        5        1      13       12       40      0.8378    .0      0.8002    .0
26        5        1      13       15       40      0.8378    .0      0.8098    .0
26        5        1      13       20       40      0.8378    .0      0.8203    .0
26        5        1      13       25       40      0.8378    .0      0.828     .0
26        5        1      13       30       40      0.8378    .0      0.833     .0
27        5        1      13       10       40      0.916     .0      0.866     .0
27        5        1      13       12       40      0.916     .0      0.8832    .0
27        5        1      13       15       40      0.916     .0      0.898     .0
27        5        1      13       20       40      0.916     .0      0.9101    .0
27        5        1      13       25       40      0.916     .0      0.912     .0
27        5        1      13       30       40      0.916     .0      0.9078    .0
27        5        1      13       10       40      0.845     .0      0.7823    .0
27        5        1      13       12       40      0.845     .0      0.7939    .0
27        5        1      13       15       40      0.845     .0      0.8058    .0
27        5        1      13       20       40      0.845     .0      0.818     .0
27        5        1      13       25       40      0.845     .0      0.8244    .0
27        5        1      13       30       40      0.845     .0      0.8278    .0
28        5        1      13       10       40      0.9422    .0      0.9238    .0
28        5        1      13       12       40      0.9422    .0      0.9262    .0
28        5        1      13       15       40      0.9422    .0      0.9303    .0
28        5        1      13       20       40      0.9422    .0      0.9358    .0
28        5        1      13       25       40      0.9422    .0      0.938     .0
28        5        1      13       30       40      0.9422    .0      0.9382    .0
28        5        1      13       10       40      0.9157    .0      0.8858    .0
28        5        1      13       12       40      0.9157    .0      0.8899    .0
28        5        1      13       15       40      0.9157    .0      0.895     .0
28        5        1      13       20       40      0.9157    .0      0.9005    .0
28        5        1      13       25       40      0.9157    .0      0.904     .0
28        5        1      13       30       40      0.9157    .0      0.906     .0
28        5        1      13       10       40      0.856     .0      0.8083    .0
28        5        1      13       12       40      0.856     .0      0.818     .0
28        5        1      13       15       40      0.856     .0      0.8283    .0
28        5        1      13       20       40      0.856     .0      0.8388    .0
28        5        1      13       25       40      0.856     .0      0.8438    .0
28        5        1      13       30       40      0.856     .0      0.845     .0
40        5        3      13       4        40      0.8211    .0      0.754     .0
40        5        3      13       6        40      0.8211    .0      0.7662    .0
40        5        3      13       8        40      0.8211    .0      0.777     .0
40        5        3      13       10       40      0.8211    .0      0.7855    .0
40        5        3      13       12       40      0.8211    .0      0.793     .0
40        5        3      13       15       40      0.8211    .0      0.8024    .0
40        5        3      13       20       40      0.8211    .0      0.814     .0
40        5        3      13       25       40      0.8211    .0      0.8225    .0
40        5        3      13       30       40      0.8211    .0      0.829     .0
41        5        3      13       4        40      0.8958    .0      0.8588    .0
41        5        3      13       6        40      0.8958    .0      0.868     .0
41        5        3      13       8        40      0.8958    .0      0.8758    .0
41        5        3      13       10       40      0.8958    .0      0.882     .0
41        5        3      13       12       40      0.8958    .0      0.8878    .0
41        5        3      13       15       40      0.8958    .0      0.8942    .0
41        5        3      13       20       40      0.8958    .0      0.9036    .0
41        5        3      13       25       40      0.8958    .0      0.91      .0
41        5        3      13       30       40      0.8958    .0      0.9157    .0
41        5        3      13       4        40      0.8285    .0      0.7502    .0
41        5        3      13       6        40      0.8285    .0      0.764     .0
41        5        3      13       8        40      0.8285    .0      0.776     .0
41        5        3      13       10       40      0.8285    .0      0.7862    .0
41        5        3      13       12       40      0.8285    .0      0.795     .0
41        5        3      13       15       40      0.8285    .0      0.806     .0
41        5        3      13       20       40      0.8285    .0      0.821     .0
41        5        3      13       25       40      0.8285    .0      0.8338    .0
41        5        3      13       30       40      0.8285    .0      0.8442    .0
42        5        3      13       4        40      0.8987    .0      0.8401    .0
42        5        3      13       6        40      0.8987    .0      0.85      .0
42        5        3      13       8        40      0.8987    .0      0.858     .0
42        5        3      13       10       40      0.8987    .0      0.866     .0
42        5        3      13       12       40      0.8987    .0      0.8731    .0
42        5        3      13       15       40      0.8987    .0      0.8828    .0
42        5        3      13       20       40      0.8987    .0      0.8978    .0
42        5        3      13       25       40      0.8987    .0      0.91      .0
42        5        3      13       30       40      0.8987    .0      0.9202    .0
73        5        5      13       4        40      0.9436    .0      0.916     .0
73        5        5      13       6        40      0.9436    .0      0.9208    .0
73        5        5      13       8        40      0.9436    .0      0.9258    .0
73        5        5      13       10       40      0.9436    .0      0.9295    .0
73        5        5      13       12       40      0.9436    .0      0.9324    .0
73        5        5      13       15       40      0.9436    .0      0.9365    .0
73        5        5      13       20       40      0.9436    .0      0.943     .0
73        5        5      13       25       40      0.9436    .0      0.9462    .0
73        5        5      13       30       40      0.9436    .0      0.9482    .0
73        5        3      13       12       40      0.9436    .0      0.9158    .0
73        5        3      13       15       40      0.9436    .0      0.9193    .0
73        5        3      13       20       40      0.9436    .0      0.923     .0
73        5        3      13       25       40      0.9436    .0      0.9258    .0
73        5        3      13       30       40      0.9436    .0      0.926     .0
73        5        5      13       4        40      0.9077    .0      0.8478    .0
73        5        5      13       6        40      0.9077    .0      0.856     .0
73        5        5      13       8        40      0.9077    .0      0.8625    .0
73        5        5      13       10       40      0.9077    .0      0.869     .0
73        5        5      13       12       40      0.9077    .0      0.874     .0
73        5        5      13       15       40      0.9077    .0      0.8803    .0
73        5        5      13       20       40      0.9077    .0      0.8895    .0
73        5        5      13       25       40      0.9077    .0      0.896     .0
73        5        5      13       30       40      0.9077    .0      0.9002    .0
73        5        3      13       12       40      0.9077    .0      0.823     .0
73        5        3      13       15       40      0.9077    .0      0.8365    .0
73        5        3      13       20       40      0.9077    .0      0.8525    .0
73        5        3      13       25       40      0.9077    .0      0.8622    .0
73        5        3      13       30       40      0.9077    .0      0.869     .0
74        5        5      13       4        40      0.9445    .0      0.885     .0
74        5        5      13       6        40      0.9445    .0      0.895     .0
74        5        5      13       8        40      0.9445    .0      0.9038    .0
74        5        5      13       10       40      0.9445    .0      0.9105    .0
74        5        5      13       12       40      0.9445    .0      0.9178    .0
74        5        5      13       15       40      0.9445    .0      0.9258    .0
74        5        5      13       20       40      0.9445    .0      0.9375    .0
74        5        5      13       25       40      0.9445    .0      0.9463    .0
74        5        5      13       30       40      0.9445    .0      0.953     .0
74        5        3      13       12       40      0.9445    .0      0.8918    .0
74        5        3      13       15       40      0.9445    .0      0.899     .0
74        5        3      13       20       40      0.9445    .0      0.9103    .0
74        5        3      13       25       40      0.9445    .0      0.9198    .0
74        5        3      13       30       40      0.9445    .0      0.9264    .0
79       29        5      13       5.2      40      0.508     .0      0.4259    .0
79       29        5      13       10.4     40      0.508     .0      0.4203    .0
79       29        5      13       15.7     40      0.508     .0      0.4034    .0
79       29        5      13       20.8     40      0.508     .0      0.3865    .0
79       29        5      13       26.1     40      0.508     .0      0.3668    .0
79       29        5      13       31.5     40      0.508     .0      0.3499    .0
79       29        5      13       36.6     40      0.508     .0      0.3405    .0
79       29        5      13       39.7     40      0.508     .0      0.3349    .0
79       29        5      13       5.2      40      0.3       .0      0.2317    .0
79       29        5      13       10.4     40      0.3       .0      0.2317    .0
79       29        5      13       15.7     40      0.3       .0      0.2186    .0
79       29        5      13       20.8     40      0.3       .0      0.2054    .0
79       29        5      13       26.1     40      0.3       .0      0.1886    .0
79       29        5      13       31.5     40      0.3       .0      0.1773    .0
79       29        5      13       36.6     40      0.3       .0      0.1717    .0
79       29        5      13       39.7     40      0.3       .0      0.1689    .0
79       29        3      13       25       40      0.802     .0      0.762     .0
79       29        3      13       20       40      0.802     .0      0.761     .0
79       29        3      13       16       40      0.802     .0      0.751     .0
29       79        1      13       25       40      0.198     .0      0.235     .0
29       79        1      13       20       40      0.198     .0      0.245     .0
29       79        1      13       16       40      0.198     .0      0.252     .0
79       29        3      13       25       40      0.604     .0      0.537     .0
79       29        3      13       20       40      0.604     .0      0.53      .0
79       29        3      13       16       40      0.604     .0      0.518     .0
29       79        1      13       25       40      0.396     .0      0.447     .0
29       79        1      13       20       40      0.396     .0      0.463     .0
29       79        1      13       16       40      0.396     .0      0.472     .0
79       29        3      13       25       40      0.401     .0      0.338     .0
79       29        3      13       20       40      0.401     .0      0.334     .0
79       29        3      13       16       40      0.401     .0      0.323     .0
29       79        1      13       25       40      0.599     .0      0.643     .0
29       79        1      13       20       40      0.599     .0      0.655     .0
29       79        1      13       16       40      0.599     .0      0.67      .0
79       29        3      13       25       40      0.201     .0      0.155     .0
79       29        3      13       20       40      0.201     .0      0.153     .0
79       29        3      13       16       40      0.201     .0      0.147     .0
29       79        1      13       25       40      0.799     .0      0.827     .0
29       79        1      13       20       40      0.799     .0      0.835     .0
29       79        1      13       16       40      0.799     .0      0.845     .0
79       29        5      13       14       40      0.802     .0      0.742     .0
79       29        5      13       12       40      0.802     .0      0.745     .0
79       29        5      13       10       40      0.802     .0      0.756     .0
29       79        1      13       14       40      0.198     .0      0.257     .0
29       79        1      13       12       40      0.198     .0      0.264     .0
79       29        5      13       14       40      0.604     .0      0.511     .0
79       29        5      13       12       40      0.604     .0      0.514     .0
79       29        5      13       10       40      0.604     .0      0.523     .0
29       79        1      13       14       40      0.396     .0      0.476     .0
29       79        1      13       12       40      0.396     .0      0.494     .0
79       29        5      13       14       40      0.401     .0      0.314     .0
79       29        5      13       12       40      0.401     .0      0.316     .0
79       29        5      13       10       40      0.401     .0      0.322     .0
29       79        1      13       14       40      0.599     .0      0.675     .0
29       79        1      13       12       40      0.599     .0      0.694     .0
79       29        5      13       14       40      0.201     .0      0.143     .0
79       29        5      13       12       40      0.201     .0      0.147     .0
29       79        1      13       14       40      0.799     .0      0.845     .0
29       79        1      13       12       40      0.799     .0      0.853     .0
79       47        3      13       15       52.5    0.2243    .0      0.203     .0
79       47        3      13       20       52.5    0.2243    .0      0.203     .0
79       47        3      13       30       52.5    0.2243    .0      0.211     .0
79       47        3      13       40       52.5    0.2243    .0      0.216     .0
79       47        3      13       48.5     52.5    0.2243    .0      0.214     .0
79       47        3      13       15       52.5    0.4003    .0      0.368     .0
79       47        3      13       20       52.5    0.4003    .0      0.366     .0
79       47        3      13       30       52.5    0.4003    .0      0.376     .0
79       47        3      13       40       52.5    0.4003    .0      0.384     .0
79       47        3      13       48.5     52.5    0.4003    .0      0.385     .0
79       47        3      13       15       52.5    0.6005    .0      0.566     .0
79       47        3      13       20       52.5    0.6005    .0      0.573     .0
79       47        3      13       30       52.5    0.6005    .0      0.58      .0
79       47        3      13       40       52.5    0.6005    .0      0.584     .0
79       47        3      13       48.5     52.5    0.6005    .0      0.584     .0
79       47        3      13       15       52.5    0.8005    .0      0.789     .0
79       47        3      13       20       52.5    0.8005    .0      0.783     .0
79       47        3      13       30       52.5    0.8005    .0      0.783     .0
79       47        3      13       40       52.5    0.8005    .0      0.79      .0
79       47        3      13       48.5     52.5    0.8005    .0      0.788     .0
79       47        5      13       10       52.5    0.2243    .0      0.201     .0
79       47        5      13       20       52.5    0.2243    .0      0.197     .0
79       47        5      13       30       52.5    0.2243    .0      0.192     .0
79       47        5      13       40       52.5    0.2243    .0      0.185     .0
79       47        5      13       48.5     52.5    0.2243    .0      0.181     .0
79       47        5      13       10       52.5    0.4003    .0      0.362     .0
79       47        5      13       20       52.5    0.4003    .0      0.364     .0
79       47        5      13       30       52.5    0.4003    .0      0.351     .0
79       47        5      13       40       52.5    0.4003    .0      0.344     .0
79       47        5      13       48.5     52.5    0.4003    .0      0.337     .0
79       47        5      13       10       52.5    0.6005    .0      0.559     .0
79       47        5      13       20       52.5    0.6005    .0      0.551     .0
79       47        5      13       30       52.5    0.6005    .0      0.547     .0
79       47        5      13       40       52.5    0.6005    .0      0.541     .0
79       47        5      13       48.5     52.5    0.6005    .0      0.537     .0
79       47        5      13       10       52.5    0.8005    .0      0.771     .0
79       47        5      13       20       52.5    0.8005    .0      0.764     .0
79       47        5      13       30       52.5    0.8005    .0      0.766     .0
79       47        5      13       40       52.5    0.8005    .0      0.761     .0
79       47        5      13       48.5     52.5    0.8005    .0      0.755     .0
47       79        3      13       5        52.5    0.1996    .0      0.223     .0
47       79        3      13       10       52.5    0.1996    .0      0.191     .0
47       79        3      13       20       52.5    0.1996    .0      0.144     .0
47       79        3      13       30       52.5    0.1996    .0      0.109     .0
47       79        3      13       40       52.5    0.1996    .0      0.0887    .0
47       79        3      13       48.5     52.5    0.1996    .0      0.0795    .0
47       79        3      13       5        52.5    0.3992    .0      0.436     .0
47       79        3      13       10       52.5    0.3992    .0      0.386     .0
47       79        3      13       20       52.5    0.3992    .0      0.309     .0
47       79        3      13       30       52.5    0.3992    .0      0.245     .0
47       79        3      13       40       52.5    0.3992    .0      0.208     .0
47       79        3      13       48.5     52.5    0.3992    .0      0.181     .0
47       79        3      13       5        52.5    0.5993    .0      0.624     .0
47       79        3      13       10       52.5    0.5993    .0      0.584     .0
47       79        3      13       20       52.5    0.5993    .0      0.504     .0
47       79        3      13       30       52.5    0.5993    .0      0.426     .0
47       79        3      13       40       52.5    0.5993    .0      0.375     .0
47       79        3      13       48.5     52.5    0.5993    .0      0.339     .0
47       79        3      13       5        52.5    0.7758    .0      0.807     .0
47       79        3      13       10       52.5    0.7758    .0      0.764     .0
47       79        3      13       20       52.5    0.7758    .0      0.706     .0
47       79        3      13       30       52.5    0.7758    .0      0.636     .0
47       79        3      13       40       52.5    0.7758    .0      0.586     .0
47       79        3      13       48.5     52.5    0.7758    .0      0.542     .0
29       79        1      13       15       52.5    0.1983    .0      0.254     .0
29       79        1      13       20       52.5    0.1983    .0      0.247     .0
29       79        1      13       25       52.5    0.1983    .0      0.24      .0
29       79        1      13       30       52.5    0.1983    .0      0.235     .0
29       79        1      13       40       52.5    0.1983    .0      0.218     .0
29       79        1      13       48.5     52.5    0.1983    .0      0.218     .0
29       79        1      13       15       52.5    0.3964    .0      0.48      .0
29       79        1      13       20       52.5    0.3964    .0      0.464     .0
29       79        1      13       25       52.5    0.3964    .0      0.453     .0
29       79        1      13       30       52.5    0.3964    .0      0.443     .0
29       79        1      13       40       52.5    0.3964    .0      0.416     .0
29       79        1      13       48.5     52.5    0.3964    .0      0.414     .0
29       79        1      13       15       52.5    0.5992    .0      0.676     .0
29       79        1      13       20       52.5    0.5992    .0      0.663     .0
29       79        1      13       25       52.5    0.5992    .0      0.651     .0
29       79        1      13       30       52.5    0.5992    .0      0.644     .0
29       79        1      13       40       52.5    0.5992    .0      0.616     .0
29       79        1      13       48.5     52.5    0.5992    .0      0.604     .0
29       79        1      13       15       52.5    0.7985    .0      0.851     .0
29       79        1      13       20       52.5    0.7985    .0      0.841     .0
29       79        1      13       25       52.5    0.7985    .0      0.834     .0
29       79        1      13       30       52.5    0.7985    .0      0.826     .0
29       79        1      13       40       52.5    0.7985    .0      0.815     .0
29       79        1      13       48.5     52.5    0.7985    .0      0.8       .0
79       29        3      13       15       52.5    0.2012    .0      0.145     .0
79       29        3      13       20       52.5    0.2012    .0      0.158     .0
79       29        3      13       25       52.5    0.2012    .0      0.154     .0
79       29        3      13       30       52.5    0.2012    .0      0.157     .0
79       29        3      13       48.5     52.5    0.2012    .0      0.152     .0
79       29        3      13       15       52.5    0.401     .0      0.312     .0
79       29        3      13       20       52.5    0.401     .0      0.333     .0
79       29        3      13       25       52.5    0.401     .0      0.331     .0
79       29        3      13       30       52.5    0.401     .0      0.331     .0
79       29        3      13       48.5     52.5    0.401     .0      0.326     .0
79       29        3      13       15       52.5    0.6036    .0      0.511     .0
79       29        3      13       20       52.5    0.6036    .0      0.531     .0
79       29        3      13       25       52.5    0.6036    .0      0.529     .0
79       29        3      13       30       52.5    0.6036    .0      0.533     .0
79       29        3      13       48.5     52.5    0.6036    .0      0.521     .0
79       29        3      13       15       52.5    0.8015    .0      0.74      .0
79       29        3      13       20       52.5    0.8015    .0      0.752     .0
79       29        3      13       25       52.5    0.8015    .0      0.745     .0
79       29        3      13       30       52.5    0.8015    .0      0.754     .0
79       29        3      13       35       52.5    0.8015    .0      0.758     .0
79       29        3      13       40       52.5    0.8015    .0      0.751     .0
79       29        5      13       10       52.5    0.2012    .0      0.154     .0
79       29        5      13       20       52.5    0.2012    .0      0.14      .0
79       29        5      13       30       52.5    0.2012    .0      0.122     .0
79       29        5      13       40       52.5    0.2012    .0      0.11      .0
79       29        5      13       10       52.5    0.401     .0      0.332     .0
79       29        5      13       20       52.5    0.401     .0      0.304     .0
79       29        5      13       30       52.5    0.401     .0      0.275     .0
79       29        5      13       40       52.5    0.401     .0      0.253     .0
79       29        5      13       10       52.5    0.6036    .0      0.531     .0
79       29        5      13       20       52.5    0.6036    .0      0.5       .0
79       29        5      13       30       52.5    0.6036    .0      0.462     .0
79       29        5      13       40       52.5    0.6036    .0      0.428     .0
79       29        5      13       10       52.5    0.8015    .0      0.749     .0
79       29        5      13       20       52.5    0.8015    .0      0.728     .0
79       29        5      13       30       52.5    0.8015    .0      0.704     .0
79       29        5      13       40       52.5    0.8015    .0      0.675     .0
51       83        3      13       10       52.5    0.6255    .0      0.6255    .0
51       83        3      13       15       52.5    0.6255    .0      0.5908    .0
51       83        3      13       20       52.5    0.6255    .0      0.5567    .0
51       83        3      13       25       52.5    0.6255    .0      0.5268    .0
51       83        3      13       30       52.5    0.6255    .0      0.499     .0
51       83        3      13       10       52.5    0.5344    .0      0.5344    .0
51       83        3      13       15       52.5    0.5344    .0      0.498     .0
51       83        3      13       20       52.5    0.5344    .0      0.4632    .0
51       83        3      13       25       52.5    0.5344    .0      0.4335    .0
51       83        3      13       30       52.5    0.5344    .0      0.4063    .0
51       83        3      13       10       52.5    0.4602    .0      0.4602    .0
51       83        3      13       15       52.5    0.4602    .0      0.4242    .0
51       83        3      13       20       52.5    0.4602    .0      0.3906    .0
51       83        3      13       25       52.5    0.4602    .0      0.3624    .0
51       83        3      13       30       52.5    0.4602    .0      0.337     .0
51       83        3      13       10       52.5    0.313     .0      0.313     .0
51       83        3      13       15       52.5    0.313     .0      0.2825    .0
51       83        3      13       20       52.5    0.313     .0      0.2552    .0
51       83        3      13       25       52.5    0.313     .0      0.233     .0
51       83        3      13       30       52.5    0.313     .0      0.2136    .0
51       83        3      13       10       52.5    0.1664    .0      0.1664    .0
51       83        3      13       15       52.5    0.1664    .0      0.1471    .0
51       83        3      13       20       52.5    0.1664    .0      0.1305    .0
51       83        3      13       25       52.5    0.1664    .0      0.1174    .0
51       83        3      13       30       52.5    0.1664    .0      0.1064    .0
51       83        3      13       10       52.5    0.1058    .0      0.1058    .0
51       83        3      13       15       52.5    0.1058    .0      0.0928    .0
51       83        3      13       20       52.5    0.1058    .0      0.0817    .0
51       83        3      13       25       52.5    0.1058    .0      0.0731    .0
51       83        3      13       30       52.5    0.1058    .0      0.0659    .0
51       83        3      13       10       52.5    0.0502    .0      0.0502    .0
51       83        3      13       15       52.5    0.0502    .0      0.0437    .0
51       83        3      13       20       52.5    0.0502    .0      0.0382    .0
51       83        3      13       25       52.5    0.0502    .0      0.034     .0
51       83        3      13       30       52.5    0.0502    .0      0.0306    .0
51       83        3      13       10       52.5    0.0277    .0      0.0277    .0
51       83        3      13       15       52.5    0.0277    .0      0.024     .0
51       83        3      13       20       52.5    0.0277    .0      0.021     .0
82       16        3      13       20       75      0.866     .0      0.807     .0
82       16        3      13       25       75      0.866     .0      0.809     .0
82       16        3      13       30       75      0.866     .0      0.813     .0
82       16        3      13       35       75      0.866     .0      0.818     .0
82       16        3      13       40       75      0.866     .0      0.826     .0
30       16        1      13       20       75      0.671     .0      0.62      .0
30       16        1      13       25       75      0.671     .0      0.626     .0
30       16        1      13       30       75      0.671     .0      0.628     .0
 5        6        1      13       4        40      0.7981    .0      0.7768    .0
 5        6        1      13       6        40      0.7981    .0      0.7754    .0
 5        6        1      13       8        40      0.7981    .0      0.7471    .0
 5        6        1      13       10       40      0.7981    .0      0.7309    .0
 5        6        1      13       12       40      0.7981    .0      0.7132    .0
 5        6        1      13       15       40      0.7981    .0      0.6853    .0
 5        6        1      13       20       40      0.7981    .0      0.6544    .0
 5        6        1      13       25       40      0.7981    .0      0.6516    .0
 5        6        1      13       30       40      0.7981    .0      0.6574    .0
14        6        1      13       4        40      0.7005    .0      0.68      .0
14        6        1      13       6        40      0.7005    .0      0.6798    .0
14        6        1      13       8        40      0.7005    .0      0.679     .0
14        6        1      13       10       40      0.7005    .0      0.6787    .0
14        6        1      13       12       40      0.7005    .0      0.678     .0
14        6        1      13       15       40      0.7005    .0      0.6762    .0
14        6        1      13       20       40      0.7005    .0      0.673     .0
14        6        1      13       25       40      0.7005    .0      0.6682    .0
14        6        1      13       30       40      0.7005    .0      0.663     .0
22        6        1      13       6        40      0.816     .0      0.7832    .0
22        6        1      13       8        40      0.816     .0      0.7862    .0
22        6        1      13       10       40      0.816     .0      0.7888    .0
22        6        1      13       12       40      0.816     .0      0.791     .0
22        6        1      13       15       40      0.816     .0      0.7938    .0
22        6        1      13       20       40      0.816     .0      0.798     .0
22        6        1      13       25       40      0.816     .0      0.8012    .0
22        6        1      13       30       40      0.816     .0      0.8033    .0
23        6        1      13       6        40      0.84      .0      0.7952    .0
23        6        1      13       8        40      0.84      .0      0.8013    .0
23        6        1      13       10       40      0.84      .0      0.8065    .0
23        6        1      13       12       40      0.84      .0      0.8111    .0
23        6        1      13       15       40      0.84      .0      0.8162    .0
23        6        1      13       20       40      0.84      .0      0.822     .0
23        6        1      13       25       40      0.84      .0      0.8265    .0
23        6        1      13       30       40      0.84      .0      0.8295    .0
24        6        1      13       8        40      0.9432    .0      0.9252    .0
24        6        1      13       10       40      0.9432    .0      0.9257    .0
24        6        1      13       12       40      0.9432    .0      0.9259    .0
24        6        1      13       15       40      0.9432    .0      0.9261    .0
24        6        1      13       20       40      0.9432    .0      0.9265    .0
24        6        1      13       25       40      0.9432    .0      0.9271    .0
24        6        1      13       30       40      0.9432    .0      0.9278    .0
24        6        1      13       8        40      0.909     .0      0.879     .0
24        6        1      13       10       40      0.909     .0      0.8819    .0
24        6        1      13       12       40      0.909     .0      0.8842    .0
24        6        1      13       15       40      0.909     .0      0.8875    .0
24        6        1      13       20       40      0.909     .0      0.8918    .0
24        6        1      13       25       40      0.909     .0      0.895     .0
24        6        1      13       30       40      0.909     .0      0.8972    .0
24        6        1      13       8        40      0.8666    .0      0.831     .0
24        6        1      13       10       40      0.8666    .0      0.8322    .0
24        6        1      13       12       40      0.8666    .0      0.8358    .0
24        6        1      13       15       40      0.8666    .0      0.8385    .0
24        6        1      13       20       40      0.8666    .0      0.8422    .0
24        6        1      13       25       40      0.8666    .0      0.8455    .0
24        6        1      13       30       40      0.8666    .0      0.8478    .0
26        6        1      13       8        40      0.9333    .0      0.9172    .0
26        6        1      13       10       40      0.9333    .0      0.9194    .0
26        6        1      13       12       40      0.9333    .0      0.9215    .0
26        6        1      13       15       40      0.9333    .0      0.9239    .0
26        6        1      13       20       40      0.9333    .0      0.927     .0
26        6        1      13       25       40      0.9333    .0      0.929     .0
26        6        1      13       30       40      0.9333    .0      0.9304    .0
40        6        3      13       4        40      0.9145    .0      0.8981    .0
40        6        3      13       6        40      0.9145    .0      0.9011    .0
40        6        3      13       8        40      0.9145    .0      0.9033    .0
40        6        3      13       10       40      0.9145    .0      0.9055    .0
40        6        3      13       12       40      0.9145    .0      0.907     .0
40        6        3      13       15       40      0.9145    .0      0.9088    .0
40        6        3      13       20       40      0.9145    .0      0.9095    .0
40        6        3      13       25       40      0.9145    .0      0.91      .0
40        6        3      13       30       40      0.9145    .0      0.911     .0
41        6        3      13       4        40      0.9145    .0      0.875     .0
41        6        3      13       6        40      0.9145    .0      0.8822    .0
41        6        3      13       8        40      0.9145    .0      0.888     .0
41        6        3      13       10       40      0.9145    .0      0.893     .0
41        6        3      13       12       40      0.9145    .0      0.897     .0
41        6        3      13       15       40      0.9145    .0      0.9022    .0
41        6        3      13       20       40      0.9145    .0      0.9088    .0
41        6        3      13       25       40      0.9145    .0      0.9135    .0
41        6        3      13       30       40      0.9145    .0      0.9175    .0
42        6        3      13       4        40      0.9442    .0      0.906     .0
42        6        3      13       6        40      0.9442    .0      0.9128    .0
42        6        3      13       8        40      0.9442    .0      0.9182    .0
42        6        3      13       10       40      0.9442    .0      0.9225    .0
42        6        3      13       12       40      0.9442    .0      0.9264    .0
42        6        3      13       15       40      0.9442    .0      0.9312    .0
42        6        3      13       20       40      0.9442    .0      0.9373    .0
42        6        3      13       25       40      0.9442    .0      0.9418    .0
42        6        3      13       30       40      0.9442    .0      0.9458    .0
73        6        5      13       4        40      0.94      .0      0.8765    .0
73        6        5      13       6        40      0.94      .0      0.8815    .0
73        6        5      13       8        40      0.94      .0      0.8862    .0
73        6        5      13       10       40      0.94      .0      0.8905    .0
73        6        5      13       12       40      0.94      .0      0.8943    .0
73        6        5      13       15       40      0.94      .0      0.9       .0
73        6        5      13       20       40      0.94      .0      0.9088    .0
73        6        5      13       25       40      0.94      .0      0.9162    .0
73        6        5      13       30       40      0.94      .0      0.922     .0
73        6        3      13       12       40      0.94      .0      0.882     .0
73        6        3      13       15       40      0.94      .0      0.8886    .0
73        6        3      13       20       40      0.94      .0      0.898     .0
73        6        3      13       25       40      0.94      .0      0.906     .0
73        6        3      13       30       40      0.94      .0      0.913     .0
73        6        5      13       4        40      0.97      .0      0.9342    .0
73        6        5      13       6        40      0.97      .0      0.939     .0
73        6        5      13       8        40      0.97      .0      0.9428    .0
73        6        5      13       10       40      0.97      .0      0.9462    .0
73        6        5      13       12       40      0.97      .0      0.949     .0
73        6        5      13       15       40      0.97      .0      0.954     .0
73        6        5      13       20       40      0.97      .0      0.9602    .0
73        6        5      13       25       40      0.97      .0      0.966     .0
73        6        5      13       30       40      0.97      .0      0.9702    .0
73        6        3      13       12       40      0.97      .0      0.9348    .0
73        6        3      13       15       40      0.97      .0      0.9406    .0
73        6        3      13       20       40      0.97      .0      0.9453    .0
73        6        3      13       25       40      0.97      .0      0.9503    .0
73        6        3      13       30       40      0.97      .0      0.9543    .0
74        6        5      13       4        40      0.9387    .0      0.856     .0
74        6        5      13       6        40      0.9387    .0      0.8712    .0
74        6        5      13       8        40      0.9387    .0      0.8823    .0
74        6        5      13       10       40      0.9387    .0      0.891     .0
74        6        5      13       12       40      0.9387    .0      0.8987    .0
74        6        5      13       15       40      0.9387    .0      0.9081    .0
74        6        5      13       20       40      0.9387    .0      0.9212    .0
74        6        5      13       25       40      0.9387    .0      0.9328    .0
74        6        5      13       30       40      0.9387    .0      0.9428    .0
74        6        3      13       12       40      0.9387    .0      0.8558    .0
74        6        3      13       15       40      0.9387    .0      0.8782    .0
74        6        3      13       20       40      0.9387    .0      0.8975    .0
74        6        3      13       25       40      0.9387    .0      0.9093    .0
74        6        3      13       30       40      0.9387    .0      0.9178    .0
74        6        5      13       4        40      0.97      .0      0.8865    .0
74        6        5      13       6        40      0.97      .0      0.906     .0
74        6        5      13       8        40      0.97      .0      0.9178    .0
74        6        5      13       10       40      0.97      .0      0.9272    .0
74        6        5      13       12       40      0.97      .0      0.935     .0
74        6        5      13       15       40      0.97      .0      0.9443    .0
74        6        5      13       20       40      0.97      .0      0.9568    .0
74        6        5      13       25       40      0.97      .0      0.9668    .0
74        6        5      13       30       40      0.97      .0      0.9756    .0
74        6        3      13       12       40      0.97      .0      0.9153    .0
74        6        3      13       15       40      0.97      .0      0.929     .0
74        6        3      13       20       40      0.97      .0      0.9432    .0
74        6        3      13       25       40      0.97      .0      0.9522    .0
74        6        3      13       30       40      0.97      .0      0.958     .0
13       22        1      13       7        40      0.398     .0      0.3853    .0
13       22        1      13       10.5     40      0.398     .0      0.3543    .0
13       22        1      13       15.7     40      0.398     .0      0.3008    .0
13       22        1      13       20.8     40      0.398     .0      0.2585    .0
13       22        1      13       26       40      0.398     .0      0.2162    .0
13       22        1      13       31.3     40      0.398     .0      0.187     .0
13       22        1      13       36.4     40      0.398     .0      0.1579    .0
13       22        1      13       40       40      0.398     .0      0.1429    .0
13       28        1      13       5.3      40      0.309     .0      0.2957    .0
13       28        1      13       10.5     40      0.309     .0      0.2184    .0
13       28        1      13       15.9     40      0.309     .0      0.1576    .0
13       28        1      13       21.2     40      0.309     .0      0.1141    .0
13       28        1      13       26.6     40      0.309     .0      0.0878    .0
13       28        1      13       31.9     40      0.309     .0      0.0683    .0
13       28        1      13       37.2     40      0.309     .0      0.057     .0
13       28        1      13       5.3      40      0.125     .0      0.1246    .0
13       28        1      13       10.5     40      0.125     .0      0.0848    .0
13       28        1      13       15.9     40      0.125     .0      0.0585    .0
13       28        1      13       21.2     40      0.125     .0      0.0405    .0
13       28        1      13       26.6     40      0.125     .0      0.0307    .0
13       28        1      13       31.9     40      0.125     .0      0.0233    .0
13       28        1      13       5.3      40      0.049     .0      0.0473    .0
13       28        1      13       10.5     40      0.049     .0      0.0315    .0
13       28        1      13       15.9     40      0.049     .0      0.021     .0
29       28        3      13       2.5      40      0.565     .0      0.5135    .0
29       28        3      13       5        40      0.565     .0      0.4487    .0
29       28        3      13       7.6      40      0.565     .0      0.3876    .0
29       28        3      13       10.2     40      0.565     .0      0.3303    .0
29       28        3      13       12.6     40      0.565     .0      0.2823    .0
29       28        3      13       15.3     40      0.565     .0      0.2419    .0
29       28        3      13       20.5     40      0.565     .0      0.193     .0
29       28        3      13       25.6     40      0.565     .0      0.1648    .0
29       28        3      13       30.8     40      0.565     .0      0.1489    .0
29       28        3      13       35.5     40      0.565     .0      0.1395    .0
29       28        3      13       40       40      0.565     .0      0.131     .0
29       79        3      13       5.2      40      0.7       .0      0.7143    .0
29       79        3      13       10.4     40      0.7       .0      0.6259    .0
29       79        3      13       15.7     40      0.7       .0      0.5489    .0
29       79        3      13       20.8     40      0.7       .0      0.4981    .0
29       79        3      13       26.1     40      0.7       .0      0.4662    .0
29       79        3      13       31.3     40      0.7       .0      0.4398    .0
29       79        3      13       36.5     40      0.7       .0      0.4229    .0
29       79        3      13       39.5     40      0.7       .0      0.4173    .0
29       79        3      13       5.2      40      0.492     .0      0.5019    .0
29       79        3      13       10.4     40      0.492     .0      0.4098    .0
29       79        3      13       15.7     40      0.492     .0      0.3383    .0
29       79        3      13       20.8     40      0.492     .0      0.2932    .0
29       79        3      13       26.1     40      0.492     .0      0.2632    .0
29       79        3      13       31.3     40      0.492     .0      0.2444    .0
29       79        3      13       36.5     40      0.492     .0      0.2368    .0
29       79        3      13       39.5     40      0.492     .0      0.2331    .0
22       13        1      13       15.7     40      0.602     .0      0.5789    .0
22       13        1      13       20.9     40      0.602     .0      0.5605    .0
22       13        1      13       26.1     40      0.602     .0      0.558     .0
22       13        1      13       31.3     40      0.602     .0      0.5435    .0
22       13        1      13       36.5     40      0.602     .0      0.5437    .0
22       13        1      13       40       40      0.602     .0      0.538     .0
79       29        3      13       13       40      0.3       .0      0.2319    .0
79       29        3      13       15.7     40      0.3       .0      0.2278    .0
79       29        3      13       20.9     40      0.3       .0      0.2365    .0
79       29        3      13       26.1     40      0.3       .0      0.2402    .0
79       29        3      13       31.3     40      0.3       .0      0.2413    .0
79       29        3      13       36.5     40      0.3       .0      0.2381    .0
79       29        3      13       39.5     40      0.3       .0      0.2377    .0
79       29        3      13       13       40      0.508     .0      0.4174    .0
79       29        3      13       15.7     40      0.508     .0      0.4142    .0
79       29        3      13       20.9     40      0.508     .0      0.4285    .0
79       29        3      13       26.1     40      0.508     .0      0.4348    .0
79       29        3      13       31.3     40      0.508     .0      0.4337    .0
79       29        3      13       36.5     40      0.508     .0      0.4282    .0
79       29        3      13       39.5     40      0.508     .0      0.4279    .0
29       79        1      13       13       40      0.7       .0      0.7758    .0
29       79        1      13       15.7     40      0.7       .0      0.7583    .0
29       79        1      13       20.9     40      0.7       .0      0.7468    .0
29       79        1      13       26.1     40      0.7       .0      0.7387    .0
29       79        1      13       31.3     40      0.7       .0      0.727     .0
29       79        1      13       36.5     40      0.7       .0      0.7223    .0
29       79        1      13       39.5     40      0.7       .0      0.7161    .0
29       79        1      13       13       40      0.492     .0      0.585     .0
29       79        1      13       15.7     40      0.492     .0      0.5697    .0
29       79        1      13       20.9     40      0.492     .0      0.5534    .0
29       79        1      13       26.1     40      0.492     .0      0.5403    .0
29       79        1      13       31.3     40      0.492     .0      0.5298    .0
29       79        1      13       36.5     40      0.492     .0      0.5229    .0
29       79        1      13       39.5     40      0.492     .0      0.516     .0
13       29        1      13       15.9     40      0.9445    .0      0.8801    .0
13       29        1      13       21.2     40      0.9445    .0      0.8441    .0
13       29        1      13       31.8     40      0.9445    .0      0.7637    .0
13       29        1      13       39.9     40      0.9445    .0      0.7065    .0
29       13        1      13       15.9     40      0.0555    .0      0.0469    .0
29       13        1      13       21.2     40      0.0555    .0      0.0479    .0
29       13        1      13       31.8     40      0.0555    .0      0.0487    .0
29       13        1      13       39.3     40      0.0555    .0      0.0483    .0
29       13        3      13       15.9     40      0.0555    .0      0.0515    .0
29       13        3      13       21.2     40      0.0555    .0      0.0523    .0
29       13        3      13       31.8     40      0.0555    .0      0.0514    .0
29       13        3      13       39.9     40      0.0555    .0      0.0509    .0
46       79        3      13       5.2      40      0.359     .0      0.3921    .0
46       79        3      13       10.3     40      0.359     .0      0.3342    .0
46       79        3      13       15.5     40      0.359     .0      0.2876    .0
46       79        3      13       20.7     40      0.359     .0      0.2445    .0
46       79        3      13       25.8     40      0.359     .0      0.2154    .0
46       79        3      13       31       40      0.359     .0      0.1898    .0
46       79        3      13       36.2     40      0.359     .0      0.1742    .0
79       46        5      13       5.2      40      0.641     .0      0.5786    .0
79       46        5      13       10.3     40      0.641     .0      0.5936    .0
79       46        5      13       15.5     40      0.641     .0      0.6005    .0
79       46        5      13       20.7     40      0.641     .0      0.6033    .0
79       46        5      13       25.8     40      0.641     .0      0.5962    .0
79       46        5      13       31       40      0.641     .0      0.5928    .0
79       46        5      13       36.2     40      0.641     .0      0.5883    .0
29       28        1      13       10.1     40      0.565     .0      0.558     .0
29       28        1      13       12.5     40      0.565     .0      0.5547    .0
29       28        1      13       15.3     40      0.565     .0      0.5556    .0
29       28        1      13       20.4     40      0.565     .0      0.5574    .0
29       28        1      13       25.6     40      0.565     .0      0.561     .0
29       28        1      13       30.7     40      0.565     .0      0.5587    .0
29       28        1      13       40       40      0.565     .0      0.5557    .0
 5        7        1      13       4        40      0.4355    .0      0.3747    .0
 5        7        1      13       6        40      0.4355    .0      0.3317    .0
 5        7        1      13       8        40      0.4355    .0      0.2856    .0
 5        7        1      13       10       40      0.4355    .0      0.2539    .0
 5        7        1      13       12       40      0.4355    .0      0.2316    .0
 5        7        1      13       15       40      0.4355    .0      0.2049    .0
 5        7        1      13       20       40      0.4355    .0      0.1823    .0
 5        7        1      13       25       40      0.4355    .0      0.18      .0
 5        7        1      13       30       40      0.4355    .0      0.1834    .0
14        7        1      13       4        40      0.6006    .0      0.564     .0
14        7        1      13       6        40      0.6006    .0      0.5655    .0
14        7        1      13       8        40      0.6006    .0      0.566     .0
14        7        1      13       10       40      0.6006    .0      0.564     .0
14        7        1      13       12       40      0.6006    .0      0.5625    .0
14        7        1      13       15       40      0.6006    .0      0.557     .0
14        7        1      13       20       40      0.6006    .0      0.545     .0
24        7        1      13       8        40      0.8882    .0      0.8518    .0
24        7        1      13       10       40      0.8882    .0      0.8595    .0
24        7        1      13       12       40      0.8882    .0      0.8635    .0
24        7        1      13       15       40      0.8882    .0      0.868     .0
24        7        1      13       20       40      0.8882    .0      0.874     .0
24        7        1      13       25       40      0.8882    .0      0.8783    .0
24        7        1      13       30       40      0.8882    .0      0.8805    .0
24        7        1      13       8        40      0.7878    .0      0.729     .0
24        7        1      13       10       40      0.7878    .0      0.7365    .0
24        7        1      13       12       40      0.7878    .0      0.7433    .0
24        7        1      13       15       40      0.7878    .0      0.7505    .0
24        7        1      13       20       40      0.7878    .0      0.7595    .0
24        7        1      13       25       40      0.7878    .0      0.765     .0
24        7        1      13       30       40      0.7878    .0      0.7685    .0
26        7        1      13       8        40      0.944     .0      0.9118    .0
26        7        1      13       10       40      0.944     .0      0.914     .0
26        7        1      13       12       40      0.944     .0      0.9173    .0
26        7        1      13       15       40      0.944     .0      0.9202    .0
26        7        1      13       20       40      0.944     .0      0.924     .0
26        7        1      13       25       40      0.944     .0      0.926     .0
26        7        1      13       30       40      0.944     .0      0.927     .0
41        7        3      13       4        40      0.9299    .0      0.9042    .0
41        7        3      13       6        40      0.9299    .0      0.9068    .0
41        7        3      13       8        40      0.9299    .0      0.9097    .0
41        7        3      13       10       40      0.9299    .0      0.912     .0
41        7        3      13       12       40      0.9299    .0      0.913     .0
41        7        3      13       15       40      0.9299    .0      0.914     .0
41        7        3      13       20       40      0.9299    .0      0.9158    .0
41        7        3      13       25       40      0.9299    .0      0.9162    .0
41        7        3      13       30       40      0.9299    .0      0.9165    .0
42        7        3      13       4        40      0.942     .0      0.8964    .0
42        7        3      13       6        40      0.942     .0      0.9023    .0
42        7        3      13       8        40      0.942     .0      0.9078    .0
42        7        3      13       10       40      0.942     .0      0.9122    .0
42        7        3      13       12       40      0.942     .0      0.9163    .0
42        7        3      13       15       40      0.942     .0      0.922     .0
42        7        3      13       20       40      0.942     .0      0.9268    .0
42        7        3      13       25       40      0.942     .0      0.936     .0
42        7        3      13       30       40      0.942     .0      0.9399    .0
