 13      26      1      7       20      52.5     0.241    0.  0.124     0  
 13      26      1      7       25      52.5     0.241    0.  0.098     0  
 13      26      1      7       30      52.5     0.241    0.  0.083     0  
 79      29      5      7       31.5    40       0.508    0.  0.3499    0  
 79      29      5      7       36.6    40       0.508    0.  0.3405    0  
 79      29      5      7       39.7    40       0.508    0.  0.3349    0  
 79      29      5      7       26.1    40       0.3      0.  0.1886    0  
 79      29      5      7       31.5    40       0.3      0.  0.1773    0  
 79      29      5      7       36.6    40       0.3      0.  0.1717    0  
 79      29      5      7       39.7    40       0.3      0.  0.1689    0  
 47      79      3      7       20      52.5     0.1996   0.  0.144     0  
 47      79      3      7       30      52.5     0.1996   0.  0.109     0  
 47      79      3      7       40      52.5     0.1996   0.  0.0887    0  
 47      79      3      7       48.5    52.5     0.1996   0.  0.0795    0  
 47      79      3      7       20      52.5     0.3992   0.  0.309     0  
 47      79      3      7       30      52.5     0.3992   0.  0.245     0  
 47      79      3      7       40      52.5     0.3992   0.  0.208     0  
 47      79      3      7       48.5    52.5     0.3992   0.  0.181     0  
 47      79      3      7       20      52.5     0.5993   0.  0.504     0  
 47      79      3      7       30      52.5     0.5993   0.  0.426     0  
 47      79      3      7       40      52.5     0.5993   0.  0.375     0  
 47      79      3      7       48.5    52.5     0.5993   0.  0.339     0  
 47      79      3      7       30      52.5     0.7758   0.  0.636     0  
 47      79      3      7       40      52.5     0.7758   0.  0.586     0  
 47      79      3      7       48.5    52.5     0.7758   0.  0.542     0  
 29      79      1      7       48.5    52.5     0.1983   0.  0.218     0  
 79      29      5      7       30      52.5     0.2012   0.  0.122     0  
 79      29      5      7       40      52.5     0.2012   0.  0.11      0  
 79      29      5      7       30      52.5     0.401    0.  0.275     0  
 79      29      5      7       40      52.5     0.401    0.  0.253     0  
 51      83      3      7       25      52.5     0.6255   0.  0.5268    0  
 51      83      3      7       30      52.5     0.6255   0.  0.499     0  
 51      83      3      7       20      52.5     0.5344   0.  0.4632    0  
 51      83      3      7       25      52.5     0.5344   0.  0.4335    0  
 51      83      3      7       30      52.5     0.5344   0.  0.4063    0  
 51      83      3      7       20      52.5     0.4602   0.  0.3906    0  
 51      83      3      7       25      52.5     0.4602   0.  0.3624    0  
 51      83      3      7       30      52.5     0.4602   0.  0.337     0  
 51      83      3      7       15      52.5     0.313    0.  0.2825    0  
 51      83      3      7       20      52.5     0.313    0.  0.2552    0  
 51      83      3      7       25      52.5     0.313    0.  0.233     0  
 51      83      3      7       30      52.5     0.313    0.  0.2136    0  
 51      83      3      7       15      52.5     0.1664   0.  0.1471    0  
 51      83      3      7       20      52.5     0.1664   0.  0.1305    0  
 51      83      3      7       25      52.5     0.1664   0.  0.1174    0  
 51      83      3      7       30      52.5     0.1664   0.  0.1064    0  
 51      83      3      7       15      52.5     0.1058   0.  0.0928    0  
 51      83      3      7       20      52.5     0.1058   0.  0.0817    0  
 51      83      3      7       25      52.5     0.1058   0.  0.0731    0  
 51      83      3      7       30      52.5     0.1058   0.  0.0659    0  
 51      83      3      7       15      52.5     0.0502   0.  0.0437    0  
 51      83      3      7       20      52.5     0.0502   0.  0.0382    0  
 51      83      3      7       25      52.5     0.0502   0.  0.034     0  
 51      83      3      7       30      52.5     0.0502   0.  0.0306    0  
 51      83      3      7       15      52.5     0.0277   0.  0.024     0  
 51      83      3      7       20      52.5     0.0277   0.  0.021     0  
 13      22      1      7       15.7    40       0.398    0.  0.3008    0  
 13      22      1      7       20.8    40       0.398    0.  0.2585    0  
 13      22      1      7       26      40       0.398    0.  0.2162    0  
 13      22      1      7       31.3    40       0.398    0.  0.187     0  
 13      22      1      7       36.4    40       0.398    0.  0.1579    0  
 13      22      1      7       40      40       0.398    0.  0.1429    0  
 13      28      1      7       10.5    40       0.309    0.  0.2184    0  
 13      28      1      7       15.9    40       0.309    0.  0.1576    0  
 13      28      1      7       21.2    40       0.309    0.  0.1141    0  
 13      28      1      7       26.6    40       0.309    0.  0.0878    0  
 13      28      1      7       31.9    40       0.309    0.  0.0683    0  
 13      28      1      7       37.2    40       0.309    0.  0.057     0  
 13      28      1      7       10.5    40       0.125    0.  0.0848    0  
 13      28      1      7       15.9    40       0.125    0.  0.0585    0  
 13      28      1      7       21.2    40       0.125    0.  0.0405    0  
 13      28      1      7       26.6    40       0.125    0.  0.0307    0  
 13      28      1      7       31.9    40       0.125    0.  0.0233    0  
 13      28      1      7       10.5    40       0.049    0.  0.0315    0  
 13      28      1      7       15.9    40       0.049    0.  0.021     0  
 29      28      3      7       5       40       0.565    0.  0.4487    0  
 29      28      3      7       7.6     40       0.565    0.  0.3876    0  
 29      28      3      7       10.2    40       0.565    0.  0.3303    0  
 29      28      3      7       12.6    40       0.565    0.  0.2823    0  
 29      28      3      7       15.3    40       0.565    0.  0.2419    0  
 29      28      3      7       20.5    40       0.565    0.  0.193     0  
 29      28      3      7       25.6    40       0.565    0.  0.1648    0  
 29      28      3      7       30.8    40       0.565    0.  0.1489    0  
 29      28      3      7       35.5    40       0.565    0.  0.1395    0  
 29      28      3      7       40      40       0.565    0.  0.131     0  
 29      79      3      7       10.4    40       0.7      0.  0.6259    0  
 29      79      3      7       15.7    40       0.7      0.  0.5489    0  
 29      79      3      7       20.8    40       0.7      0.  0.4981    0  
 29      79      3      7       26.1    40       0.7      0.  0.4662    0  
 29      79      3      7       31.3    40       0.7      0.  0.4398    0  
 29      79      3      7       36.5    40       0.7      0.  0.4229    0  
 29      79      3      7       39.5    40       0.7      0.  0.4173    0  
 29      79      3      7       10.4    40       0.492    0.  0.4098    0  
 29      79      3      7       15.7    40       0.492    0.  0.3383    0  
 29      79      3      7       20.8    40       0.492    0.  0.2932    0  
 29      79      3      7       26.1    40       0.492    0.  0.2632    0  
 29      79      3      7       31.3    40       0.492    0.  0.2444    0  
 29      79      3      7       36.5    40       0.492    0.  0.2368    0  
 29      79      3      7       39.5    40       0.492    0.  0.2331    0  
 13      29      1      7       31.8    40       0.9445   0.  0.7637    0  
 13      29      1      7       39.9    40       0.9445   0.  0.7065    0  
 46      79      3      7       10.3    40       0.359    0.  0.3342    0  
 46      79      3      7       15.5    40       0.359    0.  0.2876    0  
 46      79      3      7       20.7    40       0.359    0.  0.2445    0  
 46      79      3      7       25.8    40       0.359    0.  0.2154    0  
 46      79      3      7       31      40       0.359    0.  0.1898    0  
 46      79      3      7       36.2    40       0.359    0.  0.1742    0  
 5       7       1      7       6       40       0.4355   0.  0.3317    0  
 5       7       1      7       8       40       0.4355   0.  0.2856    0  
 5       7       1      7       10      40       0.4355   0.  0.2539    0  
 5       7       1      7       12      40       0.4355   0.  0.2316    0  
 5       7       1      7       15      40       0.4355   0.  0.2049    0  
 5       7       1      7       20      40       0.4355   0.  0.1823    0  
 5       7       1      7       25      40       0.4355   0.  0.18      0  
 5       7       1      7       30      40       0.4355   0.  0.1834    0  
